TABLE NO.     1: Importance Sampling of Variance-Covariance (SIR): Problem=1 Subproblem=0 Superproblem1=0 Iteration1=0 Superproblem2=0 Iteration2=0
 NAME         THETA1       THETA2       THETA3       THETA4       THETA5       THETA6       THETA7       THETA8       SIGMA(1,1)   OMEGA(1,1)   OMEGA(2,1)   OMEGA(2,2)   OMEGA(3,1)   OMEGA(3,2)   OMEGA(3,3)
 THETA1        5.61360E+02 -2.30348E+02 -3.59293E+02  1.09780E+02  3.77286E+02  3.30450E+01  3.44323E+01  2.97135E+01 -6.51545E+02 -1.28837E+02  3.36650E+02 -1.51474E+02 -5.29184E+02  2.48242E+02  3.62295E+02
 THETA2       -2.30348E+02  3.29545E+03 -1.73420E+03  5.79752E+02  6.69515E+02  1.21105E+02  1.04612E+02  9.32126E+01 -8.70612E+02 -9.09803E+01 -1.82021E+02 -3.31038E+02  5.36321E+02  1.11883E+03 -1.03520E+03
 THETA3       -3.59293E+02 -1.73420E+03  2.61196E+03 -2.84098E+02 -9.03893E+02 -1.39885E+02 -2.62413E+02 -1.94069E+02 -2.54174E+02  2.32604E+02 -3.76630E+02  7.47195E+02  2.14413E+01 -1.56469E+03  1.20446E+03
 THETA4        1.09780E+02  5.79752E+02 -2.84098E+02  2.65074E+03 -8.00917E+01 -5.56712E+00  6.87418E+00 -4.72753E+00 -3.68535E+03 -4.60466E+01  6.15965E+02 -2.56331E+02 -4.00517E+02 -2.10546E+02 -3.05098E+02
 THETA5        3.77286E+02  6.69515E+02 -9.03893E+02 -8.00917E+01  1.25916E+03  1.17345E+02  7.16531E+01  4.84042E+01 -7.52124E+01 -1.11416E+02 -1.61168E+02 -8.03317E+02 -1.86675E+02  1.19688E+03  2.47603E+01
 THETA6        3.30450E+01  1.21105E+02 -1.39885E+02 -5.56712E+00  1.17345E+02  5.53510E+02 -1.07837E+01 -2.35249E+01  1.04073E+03  6.35755E+01 -2.04264E+02 -1.66664E+02  1.95476E+02  3.18894E+02 -2.84668E+02
 THETA7        3.44323E+01  1.04612E+02 -2.62413E+02  6.87418E+00  7.16531E+01 -1.07837E+01  2.42377E+02  3.30896E+01  3.48694E+01 -2.01923E+01  1.38886E+02 -2.99779E+02  7.27494E+01  8.08336E+00 -3.86472E+01
 THETA8        2.97135E+01  9.32126E+01 -1.94069E+02 -4.72753E+00  4.84042E+01 -2.35249E+01  3.30896E+01  1.81218E+02  4.32447E+02 -6.80634E+01 -6.14615E+01 -6.81364E+01  1.31584E+02  3.18348E+02 -1.84853E+02
 SIGMA(1,1)   -6.51545E+02 -8.70612E+02 -2.54174E+02 -3.68535E+03 -7.52124E+01  1.04073E+03  3.48694E+01  4.32447E+02  8.85200E+05  2.01367E+03 -9.72520E+01 -1.17289E+02 -5.74408E+03  2.98388E+03  2.56799E+03
 OMEGA(1,1)   -1.28837E+02 -9.09803E+01  2.32604E+02 -4.60466E+01 -1.11416E+02  6.35755E+01 -2.01923E+01 -6.80634E+01  2.01367E+03  8.40421E+02 -7.57336E+02 -5.25406E+02 -1.19942E+03  1.78020E+03 -2.20315E+02
 OMEGA(2,1)    3.36650E+02 -1.82021E+02 -3.76630E+02  6.15965E+02 -1.61168E+02 -2.04264E+02  1.38886E+02 -6.14615E+01 -9.72520E+01 -7.57336E+02  8.48631E+03 -2.22942E+03 -3.01911E+03 -8.08325E+03  4.54484E+03
 OMEGA(2,2)   -1.51474E+02 -3.31038E+02  7.47195E+02 -2.56331E+02 -8.03317E+02 -1.66664E+02 -2.99779E+02 -6.81364E+01 -1.17289E+02 -5.25406E+02 -2.22942E+03  2.57553E+04  1.78014E+03 -2.65544E+04  5.51477E+03
 OMEGA(3,1)   -5.29184E+02  5.36321E+02  2.14413E+01 -4.00517E+02 -1.86675E+02  1.95476E+02  7.27494E+01  1.31584E+02 -5.74408E+03 -1.19942E+03 -3.01911E+03  1.78014E+03  8.52228E+03 -1.19048E+03 -5.51382E+03
 OMEGA(3,2)    2.48242E+02  1.11883E+03 -1.56469E+03 -2.10546E+02  1.19688E+03  3.18894E+02  8.08336E+00  3.18348E+02  2.98388E+03  1.78020E+03 -8.08325E+03 -2.65544E+04 -1.19048E+03  6.40352E+04 -2.22803E+04
 OMEGA(3,3)    3.62295E+02 -1.03520E+03  1.20446E+03 -3.05098E+02  2.47603E+01 -2.84668E+02 -3.86472E+01 -1.84853E+02  2.56799E+03 -2.20315E+02  4.54484E+03  5.51477E+03 -5.51382E+03 -2.22803E+04  1.89216E+04
