TABLE NO.     1: Importance Sampling of Variance-Covariance (SIR): Problem=1 Subproblem=0 Superproblem1=0 Iteration1=0 Superproblem2=0 Iteration2=0
 NAME         THETA1       THETA2       THETA3       THETA4       THETA5       THETA6       THETA7       THETA8       SIGMA(1,1)   OMEGA(1,1)   OMEGA(2,1)   OMEGA(2,2)   OMEGA(3,1)   OMEGA(3,2)   OMEGA(3,3)
 THETA1        5.55112E+02 -2.69290E+02 -3.65308E+02  1.11580E+02  3.01450E+02  3.55278E+01  3.33875E+01  3.54724E+01 -3.03579E+02 -1.19368E+02  1.36816E+02 -1.51659E+02 -4.40435E+02  3.82933E+02  2.52441E+02
 THETA2       -2.69290E+02  3.03688E+03 -1.51178E+03  4.76479E+02  6.41442E+02  2.44243E+01  1.25500E+02  1.17187E+02 -2.85189E+03 -2.74153E+01  4.00157E+01 -2.97717E+02  2.92983E+02  4.92786E+02 -4.82207E+02
 THETA3       -3.65308E+02 -1.51178E+03  2.52282E+03 -3.23573E+02 -7.47748E+02 -1.08532E+02 -2.21219E+02 -2.20697E+02 -4.90140E+02  1.35514E+02 -3.57375E+02  6.45104E+02  3.38538E+02 -9.87844E+02  3.41299E+02
 THETA4        1.11580E+02  4.76479E+02 -3.23573E+02  2.58569E+03 -1.56742E+02  3.61081E+01  6.03610E+01  1.82148E+01 -1.43684E+03  1.61290E+01  1.06967E+02 -1.55273E+02 -1.33905E+02  3.75175E+02 -4.83648E+02
 THETA5        3.01450E+02  6.41442E+02 -7.47748E+02 -1.56742E+02  1.20119E+03  6.83435E+01  6.75177E+01  7.64424E+01 -8.32280E+02 -5.52263E+01 -2.45194E+02 -4.62059E+02 -1.61681E+02  5.49534E+02  2.26586E+02
 THETA6        3.55278E+01  2.44243E+01 -1.08532E+02  3.61081E+01  6.83435E+01  5.06266E+02 -5.44068E+00 -2.00819E+01 -3.04001E+02 -1.30972E+01 -6.07398E+01 -4.01810E+01  1.88717E+02 -4.01048E+01 -6.47152E+01
 THETA7        3.33875E+01  1.25500E+02 -2.21219E+02  6.03610E+01  6.75177E+01 -5.44068E+00  2.18586E+02  3.70264E+01 -2.73347E+02 -1.81299E+01  3.61717E+01 -1.20410E+01  6.59679E+01 -1.54548E+02  5.45879E+01
 THETA8        3.54724E+01  1.17187E+02 -2.20697E+02  1.82148E+01  7.64424E+01 -2.00819E+01  3.70264E+01  1.74814E+02 -1.36335E+02 -4.09685E+01 -6.32125E+01 -7.00102E+01  1.05522E+02  2.48712E+02 -9.68984E+01
 SIGMA(1,1)   -3.03579E+02 -2.85189E+03 -4.90140E+02 -1.43684E+03 -8.32280E+02 -3.04001E+02 -2.73347E+02 -1.36335E+02  8.25096E+05  2.24369E+03  5.04589E+03  5.44646E+03 -8.76621E+03 -9.59698E+03  7.77407E+03
 OMEGA(1,1)   -1.19368E+02 -2.74153E+01  1.35514E+02  1.61290E+01 -5.52263E+01 -1.30972E+01 -1.81299E+01 -4.09685E+01  2.24369E+03  9.35135E+02 -9.06576E+02  5.12191E+01 -1.32633E+03  9.71365E+02  3.00241E+02
 OMEGA(2,1)    1.36816E+02  4.00157E+01 -3.57375E+02  1.06967E+02 -2.45194E+02 -6.07398E+01  3.61717E+01 -6.32125E+01  5.04589E+03 -9.06576E+02  9.06505E+03 -4.16943E+03 -2.96739E+03 -5.24748E+03  3.06700E+03
 OMEGA(2,2)   -1.51659E+02 -2.97717E+02  6.45104E+02 -1.55273E+02 -4.62059E+02 -4.01810E+01 -1.20410E+01 -7.00102E+01  5.44646E+03  5.12191E+01 -4.16943E+03  2.57075E+04  2.25705E+03 -2.53479E+04  5.79498E+03
 OMEGA(3,1)   -4.40435E+02  2.92983E+02  3.38538E+02 -1.33905E+02 -1.61681E+02  1.88717E+02  6.59679E+01  1.05522E+02 -8.76621E+03 -1.32633E+03 -2.96739E+03  2.25705E+03  8.30860E+03 -2.00834E+03 -4.81811E+03
 OMEGA(3,2)    3.82933E+02  4.92786E+02 -9.87844E+02  3.75175E+02  5.49534E+02 -4.01048E+01 -1.54548E+02  2.48712E+02 -9.59698E+03  9.71365E+02 -5.24748E+03 -2.53479E+04 -2.00834E+03  5.94449E+04 -2.12532E+04
 OMEGA(3,3)    2.52441E+02 -4.82207E+02  3.41299E+02 -4.83648E+02  2.26586E+02 -6.47152E+01  5.45879E+01 -9.68984E+01  7.77407E+03  3.00241E+02  3.06700E+03  5.79498E+03 -4.81811E+03 -2.12532E+04  1.80978E+04
