TABLE NO.     1: Importance Sampling of Variance-Covariance (SIR): Problem=1 Subproblem=0 Superproblem1=0 Iteration1=0 Superproblem2=0 Iteration2=0
 NAME         THETA1       THETA2       THETA3       THETA4       THETA5       THETA6       THETA7       THETA8       SIGMA(1,1)   OMEGA(1,1)   OMEGA(2,1)   OMEGA(2,2)   OMEGA(3,1)   OMEGA(3,2)   OMEGA(3,3)
 THETA1        6.00606E-02  5.33034E-01  3.68959E-01 -2.17014E-01 -3.93735E-01 -3.38573E-02 -1.83431E-02  5.41914E-03  5.11525E-02  2.80421E-01  9.18696E-02 -4.72441E-02  2.20089E-01 -2.92814E-02 -1.90405E-03
 THETA2        5.33034E-01  2.69292E-02  5.58872E-01 -2.47430E-01 -3.58462E-01  5.39079E-02  2.56861E-02  4.27599E-02  8.40438E-02  1.84259E-03 -6.37493E-02 -8.11772E-02 -4.91411E-02 -7.73163E-02 -5.54933E-02
 THETA3        3.68959E-01  5.58872E-01  2.99715E-02 -3.24469E-02  7.22443E-02  1.16998E-01  2.06849E-01  2.47887E-01  7.28525E-02 -3.09478E-02  6.25764E-03 -3.02604E-02 -9.39458E-02 -5.49898E-02 -1.14277E-01
 THETA4       -2.17014E-01 -2.47430E-01 -3.24469E-02  2.09983E-02  2.50104E-01 -4.06463E-02 -5.69115E-02 -4.14282E-03  1.48055E-02 -7.45015E-03  4.34472E-02  5.76186E-02  5.51584E-02  7.59324E-02  9.85863E-02
 THETA5       -3.93735E-01 -3.58462E-01  7.22443E-02  2.50104E-01  3.71204E-02 -5.85849E-02 -1.65427E-02 -2.93923E-02 -9.26219E-03  4.02426E-02  1.68732E-01  1.49857E-01  4.68103E-02  8.20467E-02 -1.08015E-02
 THETA6       -3.38573E-02  5.39079E-02  1.16998E-01 -4.06463E-02 -5.85849E-02  4.56658E-02  5.69092E-02  1.18723E-01  9.96871E-03 -8.29862E-02 -4.61681E-02 -2.17020E-03 -1.32875E-01 -2.73651E-02 -5.02513E-02
 THETA7       -1.83431E-02  2.56861E-02  2.06849E-01 -5.69115E-02 -1.65427E-02  5.69092E-02  7.20793E-02 -8.76761E-02  2.25801E-02 -7.43465E-02 -4.78586E-02  6.09817E-03 -1.01620E-01 -9.28104E-04 -5.63366E-02
 THETA8        5.41914E-03  4.27599E-02  2.47887E-01 -4.14282E-03 -2.93923E-02  1.18723E-01 -8.76761E-02  8.23685E-02 -4.53006E-04  1.33903E-02 -4.84346E-03 -3.88467E-02 -9.40226E-02 -8.76511E-02 -8.01216E-02
 SIGMA(1,1)    5.11525E-02  8.40438E-02  7.28525E-02  1.48055E-02 -9.26219E-03  9.96871E-03  2.25801E-02 -4.53006E-04  1.11728E-03 -5.53633E-02 -5.63351E-02 -5.03434E-02  1.25726E-02 -1.64187E-02 -1.43733E-02
 OMEGA(1,1)    2.80421E-01  1.84259E-03 -3.09478E-02 -7.45015E-03  4.02426E-02 -8.29862E-02 -7.43465E-02  1.33903E-02 -5.53633E-02  5.26179E-02  6.28735E-01  2.64842E-01  7.09550E-01  3.21358E-01  2.94511E-01
 OMEGA(2,1)    9.18696E-02 -6.37493E-02  6.25764E-03  4.34472E-02  1.68732E-01 -4.61681E-02 -4.78586E-02 -4.84346E-03 -5.63351E-02  6.28735E-01  1.95367E-02  6.35991E-01  6.94476E-01  6.49152E-01  4.18090E-01
 OMEGA(2,2)   -4.72441E-02 -8.11772E-02 -3.02604E-02  5.76186E-02  1.49857E-01 -2.17020E-03  6.09817E-03 -3.88467E-02 -5.03434E-02  2.64842E-01  6.35991E-01  1.13633E-02  3.95682E-01  7.72747E-01  4.19751E-01
 OMEGA(3,1)    2.20089E-01 -4.91411E-02 -9.39458E-02  5.51584E-02  4.68103E-02 -1.32875E-01 -1.01620E-01 -9.40226E-02  1.25726E-02  7.09550E-01  6.94476E-01  3.95682E-01  2.28180E-02  6.05847E-01  6.37479E-01
 OMEGA(3,2)   -2.92814E-02 -7.73163E-02 -5.49898E-02  7.59324E-02  8.20467E-02 -2.73651E-02 -9.28104E-04 -8.76511E-02 -1.64187E-02  3.21358E-01  6.49152E-01  7.72747E-01  6.05847E-01  1.04801E-02  7.61700E-01
 OMEGA(3,3)   -1.90405E-03 -5.54933E-02 -1.14277E-01  9.85863E-02 -1.08015E-02 -5.02513E-02 -5.63366E-02 -8.01216E-02 -1.43733E-02  2.94511E-01  4.18090E-01  4.19751E-01  6.37479E-01  7.61700E-01  1.40684E-02
