TABLE NO.     1: Importance Sampling of Variance-Covariance (SIR): Problem=1 Subproblem=0 Superproblem1=0 Iteration1=0 Superproblem2=0 Iteration2=0
 NAME         THETA1       THETA2       THETA3       THETA4       THETA5       THETA6       THETA7       THETA8       SIGMA(1,1)   OMEGA(1,1)   OMEGA(2,1)   OMEGA(2,2)   OMEGA(3,1)   OMEGA(3,2)   OMEGA(3,3)
 THETA1        6.01912E-02  5.00377E-01  2.97491E-01 -1.99351E-01 -4.24886E-01 -8.29870E-02 -8.67073E-03 -5.17370E-03  4.44029E-02  2.19768E-01 -6.73313E-03 -1.00120E-01  1.72548E-01 -8.26964E-02 -3.54935E-02
 THETA2        5.00377E-01  2.63285E-02  5.82382E-01 -2.77402E-01 -2.76107E-01 -1.00987E-02  9.75094E-02  4.01103E-02  2.42359E-02 -3.16637E-02 -5.50139E-02 -1.01411E-01 -9.58596E-02 -1.16730E-01 -1.27425E-01
 THETA3        2.97491E-01  5.82382E-01  3.21307E-02 -7.81814E-02  1.86034E-01  8.77595E-02  2.97398E-01  2.09204E-01  2.04470E-02 -1.04012E-01  1.68197E-02 -1.99118E-02 -1.54156E-01 -9.78611E-02 -2.48235E-01
 THETA4       -1.99351E-01 -2.77402E-01 -7.81814E-02  2.10124E-02  1.87886E-01 -4.83399E-03  7.64819E-04  1.42964E-02  6.67920E-02  6.51316E-02  3.36132E-02  1.06894E-01  1.41244E-01  1.40474E-01  1.71221E-01
 THETA5       -4.24886E-01 -2.76107E-01  1.86034E-01  1.87886E-01  3.83931E-02 -6.28450E-02  1.70846E-02  5.80964E-02 -5.33246E-03  6.97854E-02  1.83140E-01  1.62847E-01  3.80711E-02  5.07509E-02 -5.14684E-02
 THETA6       -8.29870E-02 -1.00987E-02  8.77595E-02 -4.83399E-03 -6.28450E-02  4.46385E-02  8.92545E-02  9.76273E-02 -5.54222E-02 -1.75729E-01 -2.79274E-02  2.13303E-02 -1.54770E-01 -4.00215E-03 -3.10883E-02
 THETA7       -8.67073E-03  9.75094E-02  2.97398E-01  7.64819E-04  1.70846E-02  8.92545E-02  7.06244E-02 -6.81048E-02 -1.44314E-03 -1.30585E-01 -7.04980E-02  8.55392E-02 -1.40341E-01  1.75517E-02 -7.28545E-02
 THETA8       -5.17370E-03  4.01103E-02  2.09204E-01  1.42964E-02  5.80964E-02  9.76273E-02 -6.81048E-02  8.00688E-02 -4.95366E-02  1.08642E-01  5.87011E-02 -1.52532E-02 -2.22107E-02 -5.75621E-02 -3.55603E-02
 SIGMA(1,1)    4.44029E-02  2.42359E-02  2.04470E-02  6.67920E-02 -5.33246E-03 -5.54222E-02 -1.44314E-03 -4.95366E-02  1.07389E-03 -2.55100E-02 -9.74120E-03 -1.51334E-02  3.37675E-02 -6.76124E-03 -2.56573E-03
 OMEGA(1,1)    2.19768E-01 -3.16637E-02 -1.04012E-01  6.51316E-02  6.97854E-02 -1.75729E-01 -1.30585E-01  1.08642E-01 -2.55100E-02  5.53142E-02  5.62153E-01  2.81839E-01  7.06664E-01  3.06759E-01  3.69332E-01
 OMEGA(2,1)   -6.73313E-03 -5.50139E-02  1.68197E-02  3.36132E-02  1.83140E-01 -2.79274E-02 -7.04980E-02  5.87011E-02 -9.74120E-03  5.62153E-01  1.93965E-02  6.22434E-01  6.43738E-01  6.43245E-01  3.87093E-01
 OMEGA(2,2)   -1.00120E-01 -1.01411E-01 -1.99118E-02  1.06894E-01  1.62847E-01  2.13303E-02  8.55392E-02 -1.52532E-02 -1.51334E-02  2.81839E-01  6.22434E-01  1.13947E-02  4.08401E-01  7.84843E-01  4.30769E-01
 OMEGA(3,1)    1.72548E-01 -9.58596E-02 -1.54156E-01  1.41244E-01  3.80711E-02 -1.54770E-01 -1.40341E-01 -2.22107E-02  3.37675E-02  7.06664E-01  6.43738E-01  4.08401E-01  2.26510E-02  5.97336E-01  6.77181E-01
 OMEGA(3,2)   -8.26964E-02 -1.16730E-01 -9.78611E-02  1.40474E-01  5.07509E-02 -4.00215E-03  1.75517E-02 -5.75621E-02 -6.76124E-03  3.06759E-01  6.43245E-01  7.84843E-01  5.97336E-01  1.03385E-02  7.45173E-01
 OMEGA(3,3)   -3.54935E-02 -1.27425E-01 -2.48235E-01  1.71221E-01 -5.14684E-02 -3.10883E-02 -7.28545E-02 -3.55603E-02 -2.56573E-03  3.69332E-01  3.87093E-01  4.30769E-01  6.77181E-01  7.45173E-01  1.45454E-02
