TABLE NO.     1: Importance Sampling of Variance-Covariance (SIR): Problem=1 Subproblem=0 Superproblem1=0 Iteration1=0 Superproblem2=0 Iteration2=0
 NAME         THETA1       THETA2       THETA3       THETA4       THETA5       THETA6       THETA7       THETA8       SIGMA(1,1)   OMEGA(1,1)   OMEGA(2,1)   OMEGA(2,2)   OMEGA(3,1)   OMEGA(3,2)   OMEGA(3,3)
 THETA1        5.51996E+02 -2.24637E+02 -3.61150E+02  1.26331E+02  3.66611E+02  2.95957E+01  3.37976E+01  3.35346E+01 -7.89020E+02 -1.29160E+02  3.54369E+02 -9.26598E+01 -4.95920E+02  1.24006E+02  3.23295E+02
 THETA2       -2.24637E+02  3.31809E+03 -1.72837E+03  5.39987E+02  7.04106E+02  1.23076E+02  9.58326E+01  9.24352E+01 -7.91119E+02 -1.11494E+02 -1.97566E+02 -6.25210E+02  6.01299E+02  1.48463E+03 -1.10676E+03
 THETA3       -3.61150E+02 -1.72837E+03  2.59765E+03 -2.67985E+02 -9.12472E+02 -1.47061E+02 -2.60052E+02 -1.94708E+02 -1.24737E+01  2.46337E+02 -4.16668E+02  8.32178E+02 -4.71884E+01 -1.60192E+03  1.23536E+03
 THETA4        1.26331E+02  5.39987E+02 -2.67985E+02  2.62272E+03 -5.69796E+01  5.16001E+00  6.77730E+00 -2.81490E-01 -3.36531E+03 -5.91454E+01  5.67240E+02 -4.36339E+02 -3.81097E+02  9.96496E+01 -3.60926E+02
 THETA5        3.66611E+02  7.04106E+02 -9.12472E+02 -5.69796E+01  1.27491E+03  1.26255E+02  7.26997E+01  5.35155E+01 -4.27115E+02 -1.11865E+02 -1.23465E+02 -9.24560E+02 -1.33593E+02  1.27004E+03 -5.66562E+01
 THETA6        2.95957E+01  1.23076E+02 -1.47061E+02  5.16001E+00  1.26255E+02  5.48423E+02 -1.06698E+01 -2.11629E+01  8.95449E+02  6.29385E+01 -1.98089E+02 -2.03944E+02  2.16962E+02  3.40628E+02 -3.40684E+02
 THETA7        3.37976E+01  9.58326E+01 -2.60052E+02  6.77730E+00  7.26997E+01 -1.06698E+01  2.43872E+02  3.48881E+01  7.32828E+01 -2.36937E+01  1.53272E+02 -3.08153E+02  8.56864E+01 -1.22106E+01 -4.23410E+01
 THETA8        3.35346E+01  9.24352E+01 -1.94708E+02 -2.81490E-01  5.35155E+01 -2.11629E+01  3.48881E+01  1.82421E+02  2.35720E+02 -6.70851E+01 -6.21299E+01 -1.25555E+02  1.20928E+02  4.00795E+02 -1.81949E+02
 SIGMA(1,1)   -7.89020E+02 -7.91119E+02 -1.24737E+01 -3.36531E+03 -4.27115E+02  8.95449E+02  7.32828E+01  2.35720E+02  8.82106E+05  2.31706E+03  3.12576E+02  2.82602E+03 -5.84744E+03 -1.51296E+03  4.04627E+03
 OMEGA(1,1)   -1.29160E+02 -1.11494E+02  2.46337E+02 -5.91454E+01 -1.11865E+02  6.29385E+01 -2.36937E+01 -6.70851E+01  2.31706E+03  8.38253E+02 -7.48907E+02 -5.47394E+02 -1.18559E+03  1.80972E+03 -2.12759E+02
 OMEGA(2,1)    3.54369E+02 -1.97566E+02 -4.16668E+02  5.67240E+02 -1.23465E+02 -1.98089E+02  1.53272E+02 -6.21299E+01  3.12576E+02 -7.48907E+02  8.56172E+03 -2.19103E+03 -3.13071E+03 -8.26082E+03  4.73579E+03
 OMEGA(2,2)   -9.26598E+01 -6.25210E+02  8.32178E+02 -4.36339E+02 -9.24560E+02 -2.03944E+02 -3.08153E+02 -1.25555E+02  2.82602E+03 -5.47394E+02 -2.19103E+03  2.65250E+04  1.68419E+03 -2.78232E+04  6.12449E+03
 OMEGA(3,1)   -4.95920E+02  6.01299E+02 -4.71884E+01 -3.81097E+02 -1.33593E+02  2.16962E+02  8.56864E+01  1.20928E+02 -5.84744E+03 -1.18559E+03 -3.13071E+03  1.68419E+03  8.41817E+03 -6.39928E+02 -5.63501E+03
 OMEGA(3,2)    1.24006E+02  1.48463E+03 -1.60192E+03  9.96496E+01  1.27004E+03  3.40628E+02 -1.22106E+01  4.00795E+02 -1.51296E+03  1.80972E+03 -8.26082E+03 -2.78232E+04 -6.39928E+02  6.60192E+04 -2.37301E+04
 OMEGA(3,3)    3.23295E+02 -1.10676E+03  1.23536E+03 -3.60926E+02 -5.66562E+01 -3.40684E+02 -4.23410E+01 -1.81949E+02  4.04627E+03 -2.12759E+02  4.73579E+03  6.12449E+03 -5.63501E+03 -2.37301E+04  1.92511E+04
