TABLE NO.     1: Importance Sampling of Variance-Covariance (SIR): Problem=1 Subproblem=0 Superproblem1=0 Iteration1=0 Superproblem2=0 Iteration2=0
 NAME         THETA1       THETA2       THETA3       THETA4       THETA5       THETA6       THETA7       THETA8       SIGMA(1,1)   OMEGA(1,1)   OMEGA(2,1)   OMEGA(2,2)   OMEGA(3,1)   OMEGA(3,2)   OMEGA(3,3)
 THETA1        6.02950E-02  4.99707E-01  3.03037E-01 -2.00616E-01 -4.22307E-01 -6.88567E-02  3.85810E-04 -9.01689E-03  4.06549E-02  2.21168E-01 -1.53093E-03 -9.88568E-02  1.76551E-01 -6.68432E-02 -1.78477E-02
 THETA2        4.99707E-01  2.62002E-02  5.84091E-01 -2.70235E-01 -2.78256E-01  3.82569E-03  1.12474E-01  4.48814E-02  1.94362E-02 -2.25359E-02 -4.66848E-02 -8.75599E-02 -9.64181E-02 -1.13664E-01 -1.26164E-01
 THETA3        3.03037E-01  5.84091E-01  3.21966E-02 -8.72451E-02  1.82377E-01  9.21350E-02  2.98994E-01  2.07508E-01  2.16050E-02 -9.98417E-02  2.46820E-02 -9.78531E-03 -1.50935E-01 -9.74471E-02 -2.43653E-01
 THETA4       -2.00616E-01 -2.70235E-01 -8.72451E-02  2.10339E-02  1.79298E-01 -1.54753E-02 -5.50359E-03  7.80270E-03  5.98760E-02  7.48685E-02  4.04772E-02  1.13516E-01  1.45022E-01  1.35501E-01  1.69633E-01
 THETA5       -4.22307E-01 -2.78256E-01  1.82377E-01  1.79298E-01  3.80391E-02 -7.89989E-02  1.02204E-02  5.46012E-02 -9.14809E-04  5.70771E-02  1.66801E-01  1.61184E-01  2.27170E-02  3.53261E-02 -6.25558E-02
 THETA6       -6.88567E-02  3.82569E-03  9.21350E-02 -1.54753E-02 -7.89989E-02  4.49687E-02  9.38046E-02  8.85115E-02 -4.78387E-02 -1.76427E-01 -2.45495E-02  3.62916E-02 -1.48420E-01  1.37726E-02 -1.20230E-02
 THETA7        3.85810E-04  1.12474E-01  2.98994E-01 -5.50359E-03  1.02204E-02  9.38046E-02  7.06390E-02 -7.71170E-02 -6.18463E-03 -1.31866E-01 -7.41097E-02  9.17067E-02 -1.43645E-01  2.58246E-02 -6.42379E-02
 THETA8       -9.01689E-03  4.48814E-02  2.07508E-01  7.80270E-03  5.46012E-02  8.85115E-02 -7.71170E-02  7.99693E-02 -3.70205E-02  1.09232E-01  5.67222E-02 -1.55762E-02 -2.72026E-02 -7.90394E-02 -5.86351E-02
 SIGMA(1,1)    4.06549E-02  1.94362E-02  2.16050E-02  5.98760E-02 -9.14809E-04 -4.78387E-02 -6.18463E-03 -3.70205E-02  1.07564E-03 -4.35320E-02 -2.06779E-02 -2.99472E-02  2.08866E-02 -1.23958E-02 -1.10725E-02
 OMEGA(1,1)    2.21168E-01 -2.25359E-02 -9.98417E-02  7.48685E-02  5.70771E-02 -1.76427E-01 -1.31866E-01  1.09232E-01 -4.35320E-02  5.51276E-02  5.54724E-01  2.71008E-01  6.99960E-01  2.91912E-01  3.59249E-01
 OMEGA(2,1)   -1.53093E-03 -4.66848E-02  2.46820E-02  4.04772E-02  1.66801E-01 -2.45495E-02 -7.41097E-02  5.67222E-02 -2.06779E-02  5.54724E-01  1.93521E-02  6.22537E-01  6.43312E-01  6.37289E-01  3.90515E-01
 OMEGA(2,2)   -9.88568E-02 -8.75599E-02 -9.78531E-03  1.13516E-01  1.61184E-01  3.62916E-02  9.17067E-02 -1.55762E-02 -2.99472E-02  2.71008E-01  6.22537E-01  1.14968E-02  4.04637E-01  7.88494E-01  4.42100E-01
 OMEGA(3,1)    1.76551E-01 -9.64181E-02 -1.50935E-01  1.45022E-01  2.27170E-02 -1.48420E-01 -1.43645E-01 -2.72026E-02  2.08866E-02  6.99960E-01  6.43312E-01  4.04637E-01  2.29162E-02  5.95734E-01  6.82097E-01
 OMEGA(3,2)   -6.68432E-02 -1.13664E-01 -9.74471E-02  1.35501E-01  3.53261E-02  1.37726E-02  2.58246E-02 -7.90394E-02 -1.23958E-02  2.91912E-01  6.37289E-01  7.88494E-01  5.95734E-01  1.05966E-02  7.60333E-01
 OMEGA(3,3)   -1.78477E-02 -1.26164E-01 -2.43653E-01  1.69633E-01 -6.25558E-02 -1.20230E-02 -6.42379E-02 -5.86351E-02 -1.10725E-02  3.59249E-01  3.90515E-01  4.42100E-01  6.82097E-01  7.60333E-01  1.50347E-02
