TABLE NO.     1: Importance Sampling of Variance-Covariance (SIR): Problem=1 Subproblem=0 Superproblem1=0 Iteration1=0 Superproblem2=0 Iteration2=0
 NAME         THETA1       THETA2       THETA3       THETA4       THETA5       THETA6       THETA7       THETA8       SIGMA(1,1)   OMEGA(1,1)   OMEGA(2,1)   OMEGA(2,2)   OMEGA(3,1)   OMEGA(3,2)   OMEGA(3,3)
 THETA1        6.03956E-02  5.09081E-01  3.13152E-01 -1.89277E-01 -3.96687E-01 -7.30174E-02 -7.86482E-03  4.76255E-04  2.71698E-02  2.32856E-01 -3.72279E-03 -1.05650E-01  1.71608E-01 -9.40921E-02 -4.24490E-02
 THETA2        5.09081E-01  2.62891E-02  5.85017E-01 -2.59626E-01 -2.75100E-01  7.21612E-03  9.83394E-02  3.39345E-02  2.02212E-02 -2.32403E-02 -5.05380E-02 -8.54673E-02 -8.39536E-02 -1.03206E-01 -1.09157E-01
 THETA3        3.13152E-01  5.85017E-01  3.21475E-02 -6.84775E-02  1.87180E-01  9.94133E-02  2.90612E-01  2.00379E-01  1.08243E-02 -9.69522E-02  2.06933E-02 -3.94716E-03 -1.48795E-01 -8.24501E-02 -2.32600E-01
 THETA4       -1.89277E-01 -2.59626E-01 -6.84775E-02  2.11554E-02  1.87099E-01  6.98247E-03  3.22985E-03  1.44015E-02  7.56836E-02  5.15848E-02  2.77421E-02  1.04384E-01  1.24297E-01  1.43255E-01  1.71198E-01
 THETA5       -3.96687E-01 -2.75100E-01  1.87180E-01  1.87099E-01  3.85392E-02 -6.93174E-02  1.03495E-02  4.77882E-02  4.99764E-03  5.84116E-02  1.70477E-01  1.63404E-01  2.47248E-02  5.13371E-02 -4.97391E-02
 THETA6       -7.30174E-02  7.21612E-03  9.94133E-02  6.98247E-03 -6.93174E-02  4.54553E-02  7.05700E-02  1.17006E-01 -3.63638E-02 -1.71187E-01 -3.44956E-02  2.17389E-02 -1.63380E-01 -1.28053E-02 -3.14999E-02
 THETA7       -7.86482E-03  9.83394E-02  2.90612E-01  3.22985E-03  1.03495E-02  7.05700E-02  7.11851E-02 -6.82242E-02  8.06713E-03 -1.24968E-01 -7.08593E-02  7.73437E-02 -1.38863E-01  1.61159E-02 -7.48805E-02
 THETA8        4.76255E-04  3.39345E-02  2.00379E-01  1.44015E-02  4.77882E-02  1.17006E-01 -6.82242E-02  7.91909E-02 -5.10436E-02  1.01931E-01  7.72274E-02  2.51235E-02 -1.20868E-02 -2.41223E-02 -2.84015E-02
 SIGMA(1,1)    2.71698E-02  2.02212E-02  1.08243E-02  7.56836E-02  4.99764E-03 -3.63638E-02  8.06713E-03 -5.10436E-02  1.07587E-03 -2.60102E-02 -1.06186E-02 -2.23487E-02  2.78204E-02 -4.85799E-03 -1.06880E-03
 OMEGA(1,1)    2.32856E-01 -2.32403E-02 -9.69522E-02  5.15848E-02  5.84116E-02 -1.71187E-01 -1.24968E-01  1.01931E-01 -2.60102E-02  5.49400E-02  5.61731E-01  2.79599E-01  7.21543E-01  3.20154E-01  3.75676E-01
 OMEGA(2,1)   -3.72279E-03 -5.05380E-02  2.06933E-02  2.77421E-02  1.70477E-01 -3.44956E-02 -7.08593E-02  7.72274E-02 -1.06186E-02  5.61731E-01  1.92366E-02  6.21039E-01  6.39061E-01  6.40267E-01  3.77189E-01
 OMEGA(2,2)   -1.05650E-01 -8.54673E-02 -3.94716E-03  1.04384E-01  1.63404E-01  2.17389E-02  7.73437E-02  2.51235E-02 -2.23487E-02  2.79599E-01  6.21039E-01  1.14682E-02  3.87393E-01  7.90291E-01  4.28249E-01
 OMEGA(3,1)    1.71608E-01 -8.39536E-02 -1.48795E-01  1.24297E-01  2.47248E-02 -1.63380E-01 -1.38863E-01 -1.20868E-02  2.78204E-02  7.21543E-01  6.39061E-01  3.87393E-01  2.26250E-02  5.86031E-01  6.63029E-01
 OMEGA(3,2)   -9.40921E-02 -1.03206E-01 -8.24501E-02  1.43255E-01  5.13371E-02 -1.28053E-02  1.61159E-02 -2.41223E-02 -4.85799E-03  3.20154E-01  6.40267E-01  7.90291E-01  5.86031E-01  1.02160E-02  7.47368E-01
 OMEGA(3,3)   -4.24490E-02 -1.09157E-01 -2.32600E-01  1.71198E-01 -4.97391E-02 -3.14999E-02 -7.48805E-02 -2.84015E-02 -1.06880E-03  3.75676E-01  3.77189E-01  4.28249E-01  6.63029E-01  7.47368E-01  1.45439E-02
