TABLE NO.     1: Importance Sampling of Variance-Covariance (SIR): Problem=1 Subproblem=0 Superproblem1=0 Iteration1=0 Superproblem2=0 Iteration2=0
 NAME         THETA1       THETA2       THETA3       THETA4       THETA5       THETA6       THETA7       THETA8       SIGMA(1,1)   OMEGA(1,1)   OMEGA(2,1)   OMEGA(2,2)   OMEGA(3,1)   OMEGA(3,2)   OMEGA(3,3)
 THETA1        5.44939E+02 -2.48507E+02 -3.49250E+02  8.41355E+01  3.38434E+02  3.19305E+01  3.57169E+01  2.81122E+01 -5.22367E+02 -1.36507E+02  3.09179E+02 -1.83848E+02 -4.58845E+02  3.67204E+02  2.93712E+02
 THETA2       -2.48507E+02  3.33322E+03 -1.74745E+03  5.40053E+02  6.84233E+02  1.10192E+02  1.02939E+02  9.51207E+01 -1.68422E+03 -8.21227E+01 -1.66309E+02 -4.89830E+02  5.35661E+02  1.30499E+03 -1.13836E+03
 THETA3       -3.49250E+02 -1.74745E+03  2.60310E+03 -2.55483E+02 -8.97607E+02 -1.49909E+02 -2.54353E+02 -1.86620E+02  6.52351E+02  2.19674E+02 -3.37938E+02  8.62277E+02  2.23610E+01 -1.84382E+03  1.25108E+03
 THETA4        8.41355E+01  5.40053E+02 -2.55483E+02  2.58602E+03 -1.06493E+02 -2.14223E+01  5.03775E+00 -5.21010E+00 -4.01600E+03 -3.26459E+01  5.70984E+02 -2.30350E+02 -3.20708E+02 -2.44012E+02 -3.71219E+02
 THETA5        3.38434E+02  6.84233E+02 -8.97607E+02 -1.06493E+02  1.21466E+03  1.19865E+02  7.52270E+01  5.14890E+01 -5.72943E+02 -1.15566E+02 -1.67271E+02 -9.01639E+02 -8.68240E+01  1.37480E+03 -1.13180E+02
 THETA6        3.19305E+01  1.10192E+02 -1.49909E+02 -2.14223E+01  1.19865E+02  5.35654E+02 -3.30415E+00 -2.65423E+01  5.48193E+02  5.30854E+01 -1.95610E+02 -2.14347E+02  2.21411E+02  4.23391E+02 -3.37110E+02
 THETA7        3.57169E+01  1.02939E+02 -2.54353E+02  5.03775E+00  7.52270E+01 -3.30415E+00  2.36099E+02  3.23451E+01 -1.56826E+02 -2.05516E+01  1.35328E+02 -2.67011E+02  6.30806E+01 -2.18856E+01 -6.06669E+00
 THETA8        2.81122E+01  9.51207E+01 -1.86620E+02 -5.21010E+00  5.14890E+01 -2.65423E+01  3.23451E+01  1.83046E+02  4.18672E+02 -6.39237E+01 -5.99740E+01 -1.09435E+02  1.18158E+02  2.93821E+02 -1.45087E+02
 SIGMA(1,1)   -5.22367E+02 -1.68422E+03  6.52351E+02 -4.01600E+03 -5.72943E+02  5.48193E+02 -1.56826E+02  4.18672E+02  8.80010E+05  1.80777E+03 -9.71022E+01  2.85473E+03 -5.15284E+03 -1.15222E+03  3.40505E+03
 OMEGA(1,1)   -1.36507E+02 -8.21227E+01  2.19674E+02 -3.26459E+01 -1.15566E+02  5.30854E+01 -2.05516E+01 -6.39237E+01  1.80777E+03  8.67242E+02 -7.11793E+02 -5.36846E+02 -1.27036E+03  1.72913E+03 -2.38263E+02
 OMEGA(2,1)    3.09179E+02 -1.66309E+02 -3.37938E+02  5.70984E+02 -1.67271E+02 -1.95610E+02  1.35328E+02 -5.99740E+01 -9.71022E+01 -7.11793E+02  8.51180E+03 -2.33285E+03 -3.06220E+03 -8.08293E+03  4.65792E+03
 OMEGA(2,2)   -1.83848E+02 -4.89830E+02  8.62277E+02 -2.30350E+02 -9.01639E+02 -2.14347E+02 -2.67011E+02 -1.09435E+02  2.85473E+03 -5.36846E+02 -2.33285E+03  2.67060E+04  2.14806E+03 -2.88405E+04  5.94950E+03
 OMEGA(3,1)   -4.58845E+02  5.35661E+02  2.23610E+01 -3.20708E+02 -8.68240E+01  2.21411E+02  6.30806E+01  1.18158E+02 -5.15284E+03 -1.27036E+03 -3.06220E+03  2.14806E+03  8.42011E+03 -1.43754E+03 -5.15745E+03
 OMEGA(3,2)    3.67204E+02  1.30499E+03 -1.84382E+03 -2.44012E+02  1.37480E+03  4.23391E+02 -2.18856E+01  2.93821E+02 -1.15222E+03  1.72913E+03 -8.08293E+03 -2.88405E+04 -1.43754E+03  6.90140E+04 -2.37347E+04
 OMEGA(3,3)    2.93712E+02 -1.13836E+03  1.25108E+03 -3.71219E+02 -1.13180E+02 -3.37110E+02 -6.06669E+00 -1.45087E+02  3.40505E+03 -2.38263E+02  4.65792E+03  5.94950E+03 -5.15745E+03 -2.37347E+04  1.90027E+04
