TABLE NO.     1: Importance Sampling of Variance-Covariance (SIR): Problem=1 Subproblem=0 Superproblem1=0 Iteration1=0 Superproblem2=0 Iteration2=0
 NAME         THETA1       THETA2       THETA3       THETA4       THETA5       THETA6       THETA7       THETA8       SIGMA(1,1)   OMEGA(1,1)   OMEGA(2,1)   OMEGA(2,2)   OMEGA(3,1)   OMEGA(3,2)   OMEGA(3,3)
 THETA1        3.64762E-03  8.08293E-04  6.08006E-04 -2.41838E-04 -9.23328E-04 -2.00454E-04 -3.38130E-05  2.27782E-06  1.76543E-06  7.72647E-04 -4.32516E-06 -7.31760E-05  2.34494E-04 -5.80550E-05 -3.72867E-05
 THETA2        8.08293E-04  6.91119E-04  4.94415E-04 -1.44392E-04 -2.78722E-04  8.62312E-06  1.84032E-04  7.06469E-05  5.71929E-07 -3.35665E-05 -2.55578E-05 -2.57674E-05 -4.99350E-05 -2.77180E-05 -4.17361E-05
 THETA3        6.08006E-04  4.94415E-04  1.03346E-03 -4.65710E-05  2.31905E-04  1.45270E-04  6.65044E-04  5.10122E-04  3.74372E-07 -1.71235E-04  1.27969E-05 -1.45521E-06 -1.08224E-04 -2.70782E-05 -1.08753E-04
 THETA4       -2.41838E-04 -1.44392E-04 -4.65710E-05  4.47549E-04  1.52544E-04  6.71450E-06  4.86398E-06  2.41270E-05  1.72258E-06  5.99558E-05  1.12899E-05  2.53249E-05  5.94935E-05  3.09607E-05  5.26746E-05
 THETA5       -9.23328E-04 -2.78722E-04  2.31905E-04  1.52544E-04  1.48527E-03 -1.21431E-04  2.83932E-05  1.45848E-04  2.07218E-07  1.23678E-04  1.26386E-04  7.22205E-05  2.15589E-05  2.02123E-05 -2.78793E-05
 THETA6       -2.00454E-04  8.62312E-06  1.45270E-04  6.71450E-06 -1.21431E-04  2.06618E-03  2.28346E-04  4.21179E-04 -1.77833E-06 -4.27507E-04 -3.01631E-05  1.13322E-05 -1.68025E-04 -5.94642E-06 -2.08245E-05
 THETA7       -3.38130E-05  1.84032E-04  6.65044E-04  4.86398E-06  2.83932E-05  2.28346E-04  5.06732E-03 -3.84595E-04  6.17826E-07 -4.88741E-04 -9.70320E-05  6.31405E-05 -2.23648E-04  1.17199E-05 -7.75246E-05
 THETA8        2.27782E-06  7.06469E-05  5.10122E-04  2.41270E-05  1.45848E-04  4.21179E-04 -3.84595E-04  6.27120E-03 -4.34885E-06  4.43475E-04  1.17646E-04  2.28165E-05 -2.16559E-05 -1.95153E-05 -3.27113E-05
 SIGMA(1,1)    1.76543E-06  5.71929E-07  3.74372E-07  1.72258E-06  2.07218E-07 -1.77833E-06  6.17826E-07 -4.34885E-06  1.15749E-06 -1.53741E-06 -2.19762E-07 -2.75743E-07  6.77190E-07 -5.33944E-08 -1.67238E-08
 OMEGA(1,1)    7.72647E-04 -3.35665E-05 -1.71235E-04  5.99558E-05  1.23678E-04 -4.27507E-04 -4.88741E-04  4.43475E-04 -1.53741E-06  3.01841E-03  5.93671E-04  1.76164E-04  8.96892E-04  1.79692E-04  3.00181E-04
 OMEGA(2,1)   -4.32516E-06 -2.55578E-05  1.27969E-05  1.12899E-05  1.26386E-04 -3.01631E-05 -9.70320E-05  1.17646E-04 -2.19762E-07  5.93671E-04  3.70048E-04  1.37007E-04  2.78138E-04  1.25826E-04  1.05529E-04
 OMEGA(2,2)   -7.31760E-05 -2.57674E-05 -1.45521E-06  2.53249E-05  7.22205E-05  1.13322E-05  6.31405E-05  2.28165E-05 -2.75743E-07  1.76164E-04  1.37007E-04  1.31519E-04  1.00516E-04  9.25895E-05  7.14286E-05
 OMEGA(3,1)    2.34494E-04 -4.99350E-05 -1.08224E-04  5.94935E-05  2.15589E-05 -1.68025E-04 -2.23648E-04 -2.16559E-05  6.77190E-07  8.96892E-04  2.78138E-04  1.00516E-04  5.11893E-04  1.35454E-04  2.18174E-04
 OMEGA(3,2)   -5.80550E-05 -2.77180E-05 -2.70782E-05  3.09607E-05  2.02123E-05 -5.94642E-06  1.17199E-05 -1.95153E-05 -5.33944E-08  1.79692E-04  1.25826E-04  9.25895E-05  1.35454E-04  1.04367E-04  1.11045E-04
 OMEGA(3,3)   -3.72867E-05 -4.17361E-05 -1.08753E-04  5.26746E-05 -2.78793E-05 -2.08245E-05 -7.75246E-05 -3.27113E-05 -1.67238E-08  3.00181E-04  1.05529E-04  7.14286E-05  2.18174E-04  1.11045E-04  2.11526E-04
