TABLE NO.     1: First Order Conditional Estimation with Interaction: Problem=1 Subproblem=0 Superproblem1=0 Iteration1=0 Superproblem2=0 Iteration2=0
 NAME         THETA1       THETA2       THETA3       THETA4       THETA5       THETA6       THETA7       THETA8       SIGMA(1,1)   OMEGA(1,1)   OMEGA(2,1)   OMEGA(2,2)   OMEGA(3,1)   OMEGA(3,2)   OMEGA(3,3)
 THETA1        5.92254E+02 -2.78769E+02 -4.41736E+02  1.93087E+02  3.69962E+02  8.35674E+01  6.07105E+01  3.02038E+01 -1.24939E+03  8.07681E+00  1.37556E+02  1.30738E+02 -7.77259E+02 -3.10466E+02  7.96071E+02
 THETA2       -2.78769E+02  3.26268E+03 -1.74927E+03  2.97741E+02  6.73688E+02  6.37051E+01  1.41713E+02  1.52417E+02  3.50456E+03  5.27701E+01  1.95409E+02 -1.76371E+03 -1.55161E+02  2.78548E+03 -1.12412E+03
 THETA3       -4.41736E+02 -1.74927E+03  3.11259E+03 -4.38115E+02 -6.42269E+02 -3.59773E+02 -3.09027E+02 -1.69523E+02 -7.13790E+03 -6.32158E+01 -5.63692E+02  1.06568E+03  1.03865E+03 -1.53853E+03 -1.41655E+02
 THETA4        1.93087E+02  2.97741E+02 -4.38115E+02  3.18493E+03 -1.81669E+02 -8.28553E+01 -4.34681E+01 -4.81404E+01 -2.36265E+03 -6.91284E+01  1.75596E+02  5.87956E+02 -1.85955E+01 -3.34144E+02 -2.77029E+01
 THETA5        3.69962E+02  6.73688E+02 -6.42269E+02 -1.81669E+02  1.49596E+03  1.24761E+02  1.23222E+02  8.65647E+01 -1.28387E+03  1.13214E+02 -3.86704E+02 -4.69001E+02 -3.56098E+02 -5.30910E+02  1.05485E+03
 THETA6        8.35674E+01  6.37051E+01 -3.59773E+02 -8.28553E+01  1.24761E+02  7.88390E+02  7.94638E+01 -1.79289E+01 -1.57029E+03 -2.29001E+01 -2.60759E+02  3.71200E+02  4.37412E+02  1.91550E+01 -4.42058E+02
 THETA7        6.07105E+01  1.41713E+02 -3.09027E+02 -4.34681E+01  1.23222E+02  7.94638E+01  3.01730E+02  2.10694E+01 -6.55243E+02  1.24777E+01  4.50436E+01 -3.82088E+02  3.81207E+00  6.91687E+02 -4.26058E+02
 THETA8        3.02038E+01  1.52417E+02 -1.69523E+02 -4.81404E+01  8.65647E+01 -1.79289E+01  2.10694E+01  1.57301E+02 -2.43503E+02  6.41298E+00 -5.86893E+01  4.68200E+01  7.17821E+01 -1.73838E+02  9.57738E+01
 SIGMA(1,1)   -1.24939E+03  3.50456E+03 -7.13790E+03 -2.36265E+03 -1.28387E+03 -1.57029E+03 -6.55243E+02 -2.43503E+02  7.74899E+05  6.60583E+03  2.40167E+02  1.62112E+04 -1.74074E+04 -1.65479E+03  2.28080E+03
 OMEGA(1,1)    8.07681E+00  5.27701E+01 -6.32158E+01 -6.91284E+01  1.13214E+02 -2.29001E+01  1.24777E+01  6.41298E+00  6.60583E+03  9.29147E+02 -7.95689E+02  2.22967E+02 -1.58502E+03  8.62596E+02  6.20013E+02
 OMEGA(2,1)    1.37556E+02  1.95409E+02 -5.63692E+02  1.75596E+02 -3.86704E+02 -2.60759E+02  4.50436E+01 -5.86893E+01  2.40167E+02 -7.95689E+02  1.09471E+04 -7.34510E+03 -3.09574E+03 -6.93631E+03  2.65415E+03
 OMEGA(2,2)    1.30738E+02 -1.76371E+03  1.06568E+03  5.87956E+02 -4.69001E+02  3.71200E+02 -3.82088E+02  4.68200E+01  1.62112E+04  2.22967E+02 -7.34510E+03  4.14460E+04  2.29447E+03 -3.91909E+04  1.25778E+04
 OMEGA(3,1)   -7.77259E+02 -1.55161E+02  1.03865E+03 -1.85955E+01 -3.56098E+02  4.37412E+02  3.81207E+00  7.17821E+01 -1.74074E+04 -1.58502E+03 -3.09574E+03  2.29447E+03  9.49755E+03 -3.36716E+03 -4.66173E+03
 OMEGA(3,2)   -3.10466E+02  2.78548E+03 -1.53853E+03 -3.34144E+02 -5.30910E+02  1.91550E+01  6.91687E+02 -1.73838E+02 -1.65479E+03  8.62596E+02 -6.93631E+03 -3.91909E+04 -3.36716E+03  9.34375E+04 -3.39240E+04
 OMEGA(3,3)    7.96071E+02 -1.12412E+03 -1.41655E+02 -2.77029E+01  1.05485E+03 -4.42058E+02 -4.26058E+02  9.57738E+01  2.28080E+03  6.20013E+02  2.65415E+03  1.25778E+04 -4.66173E+03 -3.39240E+04  2.39202E+04
TABLE NO.     2: Importance Sampling of Variance-Covariance (SIR): Problem=1 Subproblem=0 Superproblem1=0 Iteration1=0 Superproblem2=0 Iteration2=0
 NAME         THETA1       THETA2       THETA3       THETA4       THETA5       THETA6       THETA7       THETA8       SIGMA(1,1)   OMEGA(1,1)   OMEGA(2,1)   OMEGA(2,2)   OMEGA(3,1)   OMEGA(3,2)   OMEGA(3,3)
 THETA1        8.39663E+02 -1.48247E+02 -8.82916E+02  1.78851E+02  5.72813E+02  1.30088E+02  5.20408E-01 -1.43513E+01 -2.01712E+03  9.16880E+01 -4.54761E+02  1.23041E+03 -3.04821E+02 -6.06956E+02  9.36345E+02
 THETA2       -1.48247E+02  3.39769E+03 -1.73793E+03  5.03378E+02  1.30866E+03  2.80688E+01  8.06450E+01  2.59288E+02 -1.79203E+04 -1.90121E+02  3.26173E+02 -3.97666E+01  2.68801E+02 -1.72734E+03  5.63165E+02
 THETA3       -8.82916E+02 -1.73793E+03  3.38344E+03 -7.67510E+02 -1.40885E+03 -2.74114E+02 -3.79064E+02 -4.01872E+02  1.55085E+04 -5.48996E+01 -1.71042E+02 -1.67682E+03  3.62797E+02  3.60868E+03 -1.98906E+03
 THETA4        1.78851E+02  5.03378E+02 -7.67510E+02  3.35914E+03 -2.77266E+02 -4.22655E+01 -1.03308E+02  6.07875E+01 -1.55958E+04 -1.51897E+02 -5.72285E+02  1.53341E+03  9.87331E+02 -2.79069E+03  6.17400E+02
 THETA5        5.72813E+02  1.30866E+03 -1.40885E+03 -2.77266E+02  2.10763E+03  3.65145E+02  1.21371E+02  9.80576E+01 -1.07877E+04  3.35458E+02 -7.01918E+02 -6.51301E+02  4.59563E+01 -1.08109E+02  2.29867E+02
 THETA6        1.30088E+02  2.80688E+01 -2.74114E+02 -4.22655E+01  3.65145E+02  5.05635E+02  6.58214E+01 -6.60793E+01 -5.71218E+03  1.71618E+02 -2.98573E+02  1.03932E+03  1.57595E+02 -9.78439E+02  5.36640E+02
 THETA7        5.20408E-01  8.06450E+01 -3.79064E+02 -1.03308E+02  1.21371E+02  6.58214E+01  4.73060E+02  8.71080E+01  2.35229E+03  1.12029E+02  5.75197E+02 -6.41249E+02 -1.41497E+02 -1.17660E+02 -6.99235E+02
 THETA8       -1.43513E+01  2.59288E+02 -4.01872E+02  6.07875E+01  9.80576E+01 -6.60793E+01  8.71080E+01  2.58265E+02 -1.46975E+03 -4.74080E+01  1.03568E+02  2.37697E+02  2.26052E+02 -2.80685E+02 -2.36498E+02
 SIGMA(1,1)   -2.01712E+03 -1.79203E+04  1.55085E+04 -1.55958E+04 -1.07877E+04 -5.71218E+03  2.35229E+03 -1.46975E+03  1.36107E+06  1.82403E+04  1.09459E+04  1.02226E+03 -4.17104E+04  1.33789E+04  2.49227E+02
 OMEGA(1,1)    9.16880E+01 -1.90121E+02 -5.48996E+01 -1.51897E+02  3.35458E+02  1.71618E+02  1.12029E+02 -4.74080E+01  1.82403E+04  1.91377E+03 -1.94095E+03  1.62413E+03 -2.72609E+03 -7.27987E+02  2.12423E+03
 OMEGA(2,1)   -4.54761E+02  3.26173E+02 -1.71042E+02 -5.72285E+02 -7.01918E+02 -2.98573E+02  5.75197E+02  1.03568E+02  1.09459E+04 -1.94095E+03  1.48917E+04 -7.81723E+03 -3.01716E+03 -4.58009E+03 -1.96029E+03
 OMEGA(2,2)    1.23041E+03 -3.97666E+01 -1.67682E+03  1.53341E+03 -6.51301E+02  1.03932E+03 -6.41249E+02  2.37697E+02  1.02226E+03  1.62413E+03 -7.81723E+03  4.22823E+04 -2.65114E+03 -3.09624E+04  1.52467E+04
 OMEGA(3,1)   -3.04821E+02  2.68801E+02  3.62797E+02  9.87331E+02  4.59563E+01  1.57595E+02 -1.41497E+02  2.26052E+02 -4.17104E+04 -2.72609E+03 -3.01716E+03 -2.65114E+03  1.12143E+04  4.73676E+03 -7.13500E+03
 OMEGA(3,2)   -6.06956E+02 -1.72734E+03  3.60868E+03 -2.79069E+03 -1.08109E+02 -9.78439E+02 -1.17660E+02 -2.80685E+02  1.33789E+04 -7.27987E+02 -4.58009E+03 -3.09624E+04  4.73676E+03  7.22965E+04 -3.40486E+04
 OMEGA(3,3)    9.36345E+02  5.63165E+02 -1.98906E+03  6.17400E+02  2.29867E+02  5.36640E+02 -6.99235E+02 -2.36498E+02  2.49227E+02  2.12423E+03 -1.96029E+03  1.52467E+04 -7.13500E+03 -3.40486E+04  2.84856E+04
