TABLE NO.     1: First Order Conditional Estimation with Interaction: Problem=1 Subproblem=0 Superproblem1=0 Iteration1=0 Superproblem2=0 Iteration2=0
 NAME         THETA1       THETA2       THETA3       THETA4       THETA5       THETA6       THETA7       THETA8       SIGMA(1,1)   OMEGA(1,1)   OMEGA(2,1)   OMEGA(2,2)   OMEGA(3,1)   OMEGA(3,2)   OMEGA(3,3)
 THETA1        6.43394E-02  5.80895E-01  4.13518E-01 -2.44773E-01 -4.75496E-01 -8.33973E-02 -2.09186E-02 -1.27320E-01  1.08567E-01  2.74374E-01  1.24096E-01  1.98866E-02  3.54706E-01  6.25461E-02  7.56084E-02
 THETA2        5.80895E-01  2.75339E-02  5.99209E-01 -1.69873E-01 -4.49399E-01  6.72925E-02  7.33699E-02 -1.21956E-01  6.87084E-02  5.93815E-02 -2.64930E-02 -3.78462E-02  9.34469E-02 -3.30289E-02  8.99113E-02
 THETA3        4.13518E-01  5.99209E-01  2.80125E-02  6.67401E-02 -1.41382E-01  2.46082E-01  2.46313E-01  1.35216E-01  2.16490E-01 -2.73740E-02  2.78245E-02 -1.43563E-02 -7.13204E-03  4.01621E-02  9.40693E-02
 THETA4       -2.44773E-01 -1.69873E-01  6.67401E-02  1.90422E-02  1.96427E-01  1.24769E-01  8.25147E-02  1.44785E-01  7.84541E-02 -8.16247E-02 -5.54530E-02 -6.66186E-02 -1.07477E-01 -2.11632E-02 -6.89651E-04
 THETA5       -4.75496E-01 -4.49399E-01 -1.41382E-01  1.96427E-01  3.48460E-02 -5.49609E-02 -1.16539E-01 -5.73098E-03 -9.39011E-03 -3.36783E-02  1.98067E-01  2.28755E-01 -2.59507E-02  1.37907E-01 -9.10383E-02
 THETA6       -8.33973E-02  6.72925E-02  2.46082E-01  1.24769E-01 -5.49609E-02  3.95013E-02 -2.90716E-02  1.69163E-01  1.00139E-01 -1.45263E-01 -8.23330E-02 -1.14113E-01 -1.91716E-01 -4.08654E-02  4.81842E-02
 THETA7       -2.09186E-02  7.33699E-02  2.46313E-01  8.25147E-02 -1.16539E-01 -2.90716E-02  6.35211E-02 -8.54628E-03  9.68532E-02 -1.04544E-01 -9.50128E-02 -5.27077E-02 -7.09155E-02 -3.46249E-02  1.03294E-01
 THETA8       -1.27320E-01 -1.21956E-01  1.35216E-01  1.44785E-01 -5.73098E-03  1.69163E-01 -8.54628E-03  8.63202E-02  5.35348E-02 -1.12844E-01 -3.08939E-02 -2.82207E-02 -1.53202E-01 -1.41133E-02 -4.49032E-02
 SIGMA(1,1)    1.08567E-01  6.87084E-02  2.16490E-01  7.84541E-02 -9.39011E-03  1.00139E-01  9.68532E-02  5.35348E-02  1.23491E-03 -1.45021E-01 -4.66588E-02 -1.07146E-01  5.70148E-02  1.01826E-02  9.27258E-02
 OMEGA(1,1)    2.74374E-01  5.93815E-02 -2.73740E-02 -8.16247E-02 -3.36783E-02 -1.45263E-01 -1.04544E-01 -1.12844E-01 -1.45021E-01  5.25891E-02  5.95878E-01  3.42207E-01  7.10807E-01  3.73118E-01  2.27526E-01
 OMEGA(2,1)    1.24096E-01 -2.64930E-02  2.78245E-02 -5.54530E-02  1.98067E-01 -8.23330E-02 -9.50128E-02 -3.08939E-02 -4.66588E-02  5.95878E-01  1.94204E-02  7.39289E-01  6.93695E-01  7.30211E-01  3.90713E-01
 OMEGA(2,2)    1.98866E-02 -3.78462E-02 -1.43563E-02 -6.66186E-02  2.28755E-01 -1.14113E-01 -5.27077E-02 -2.82207E-02 -1.07146E-01  3.42207E-01  7.39289E-01  9.81014E-03  4.53889E-01  7.54427E-01  3.13957E-01
 OMEGA(3,1)    3.54706E-01  9.34469E-02 -7.13204E-03 -1.07477E-01 -2.59507E-02 -1.91716E-01 -7.09155E-02 -1.53202E-01  5.70148E-02  7.10807E-01  6.93695E-01  4.53889E-01  2.23720E-02  6.46637E-01  5.62536E-01
 OMEGA(3,2)    6.25461E-02 -3.30289E-02  4.01621E-02 -2.11632E-02  1.37907E-01 -4.08654E-02 -3.46249E-02 -1.41133E-02  1.01826E-02  3.73118E-01  7.30211E-01  7.54427E-01  6.46637E-01  9.18237E-03  7.36048E-01
 OMEGA(3,3)    7.56084E-02  8.99113E-02  9.40693E-02 -6.89651E-04 -9.10383E-02  4.81842E-02  1.03294E-01 -4.49032E-02  9.27258E-02  2.27526E-01  3.90713E-01  3.13957E-01  5.62536E-01  7.36048E-01  1.27990E-02
TABLE NO.     2: Importance Sampling of Variance-Covariance (SIR): Problem=1 Subproblem=0 Superproblem1=0 Iteration1=0 Superproblem2=0 Iteration2=0
 NAME         THETA1       THETA2       THETA3       THETA4       THETA5       THETA6       THETA7       THETA8       SIGMA(1,1)   OMEGA(1,1)   OMEGA(2,1)   OMEGA(2,2)   OMEGA(3,1)   OMEGA(3,2)   OMEGA(3,3)
 THETA1        6.23709E-02  6.57762E-01  5.94108E-01 -1.81978E-01 -5.44378E-01  2.12959E-01  6.55731E-02  3.22263E-01 -7.07609E-02  1.18294E-01 -8.46902E-02 -3.35352E-01 -1.42822E-02 -2.59605E-01 -1.85505E-01
 THETA2        6.57762E-01  2.94585E-02  5.17017E-01 -1.85323E-01 -5.78626E-01  2.71139E-01  8.43465E-02  1.71668E-01  5.16560E-02  8.17904E-02 -1.06868E-01 -2.37212E-01 -2.15386E-02 -1.57998E-01 -1.18574E-01
 THETA3        5.94108E-01  5.17017E-01  3.55999E-02  1.88713E-01 -2.22883E-02  2.35313E-01  3.30078E-01  4.95384E-01 -3.31455E-02 -1.23367E-01 -7.66637E-02 -1.14403E-01 -1.45176E-01 -4.25788E-02  8.50183E-02
 THETA4       -1.81978E-01 -1.85323E-01  1.88713E-01  2.09945E-02  3.84375E-01  6.05701E-02  1.87349E-01  8.94423E-02  2.13156E-01 -2.30414E-01  2.03501E-02  1.11200E-01 -1.49647E-01  2.37402E-01  2.08676E-01
 THETA5       -5.44378E-01 -5.78626E-01 -2.22883E-02  3.84375E-01  3.96609E-02 -3.36269E-01  1.30138E-01 -1.19823E-01  9.89794E-02 -2.02038E-01  1.62474E-01  3.96035E-01  1.02710E-03  2.86548E-01  2.68011E-01
 THETA6        2.12959E-01  2.71139E-01  2.35313E-01  6.05701E-02 -3.36269E-01  6.20587E-02 -1.42882E-01  4.24187E-01  2.70298E-01 -3.31175E-01 -3.37675E-01 -4.07778E-01 -3.85380E-01 -2.02076E-01 -1.84076E-01
 THETA7        6.55731E-02  8.43465E-02  3.30078E-01  1.87349E-01  1.30138E-01 -1.42882E-01  5.95500E-02 -6.69263E-02 -5.18278E-02 -1.77458E-01 -2.27527E-02  2.15584E-01  2.22512E-02  2.87240E-01  3.68740E-01
 THETA8        3.22263E-01  1.71668E-01  4.95384E-01  8.94423E-02 -1.19823E-01  4.24187E-01 -6.69263E-02  8.46691E-02  7.21342E-02 -1.90564E-01 -1.99628E-01 -2.79571E-01 -2.73968E-01 -9.62267E-02 -7.06217E-03
 SIGMA(1,1)   -7.07609E-02  5.16560E-02 -3.31455E-02  2.13156E-01  9.89794E-02  2.70298E-01 -5.18278E-02  7.21342E-02  1.07603E-03 -3.65569E-01 -1.98766E-01 -9.72277E-02 -9.01719E-02 -1.16273E-02  3.61181E-02
 OMEGA(1,1)    1.18294E-01  8.17904E-02 -1.23367E-01 -2.30414E-01 -2.02038E-01 -3.31175E-01 -1.77458E-01 -1.90564E-01 -3.65569E-01  4.67243E-02  6.40561E-01  1.92211E-01  7.26596E-01  1.29435E-01  6.84560E-02
 OMEGA(2,1)   -8.46902E-02 -1.06868E-01 -7.66637E-02  2.03501E-02  1.62474E-01 -3.37675E-01 -2.27527E-02 -1.99628E-01 -1.98766E-01  6.40561E-01  1.60897E-02  5.80997E-01  7.23058E-01  5.66994E-01  4.60294E-01
 OMEGA(2,2)   -3.35352E-01 -2.37212E-01 -1.14403E-01  1.11200E-01  3.96035E-01 -4.07778E-01  2.15584E-01 -2.79571E-01 -9.72277E-02  1.92211E-01  5.80997E-01  8.60132E-03  3.90559E-01  6.61074E-01  4.07565E-01
 OMEGA(3,1)   -1.42822E-02 -2.15386E-02 -1.45176E-01 -1.49647E-01  1.02710E-03 -3.85380E-01  2.22512E-02 -2.73968E-01 -9.01719E-02  7.26596E-01  7.23058E-01  3.90559E-01  1.97744E-02  4.11272E-01  4.44190E-01
 OMEGA(3,2)   -2.59605E-01 -1.57998E-01 -4.25788E-02  2.37402E-01  2.86548E-01 -2.02076E-01  2.87240E-01 -9.62267E-02 -1.16273E-02  1.29435E-01  5.66994E-01  6.61074E-01  4.11272E-01  9.07872E-03  8.19093E-01
 OMEGA(3,3)   -1.85505E-01 -1.18574E-01  8.50183E-02  2.08676E-01  2.68011E-01 -1.84076E-01  3.68740E-01 -7.06217E-03  3.61181E-02  6.84560E-02  4.60294E-01  4.07565E-01  4.44190E-01  8.19093E-01  1.33433E-02
