TABLE NO.     1: First Order Conditional Estimation with Interaction: Problem=1 Subproblem=0 Superproblem1=0 Iteration1=0 Superproblem2=0 Iteration2=0
 NAME         THETA1       THETA2       THETA3       THETA4       THETA5       THETA6       THETA7       THETA8       SIGMA(1,1)   OMEGA(1,1)   OMEGA(2,1)   OMEGA(2,2)   OMEGA(3,1)   OMEGA(3,2)   OMEGA(3,3)
 THETA1        4.13942E-03  1.02901E-03  7.45264E-04 -2.99726E-04 -1.06602E-03 -2.11784E-04 -8.57127E-05 -7.06885E-04  8.62218E-06  9.28178E-04  1.55042E-04  1.25504E-05  5.10518E-04  3.69471E-05  6.22719E-05
 THETA2        1.02901E-03  7.58093E-04  4.62152E-04 -8.89974E-05 -4.31155E-04  7.32392E-05  1.28299E-04 -2.89800E-04  2.33499E-06  8.59298E-05 -1.41711E-05 -1.02202E-05  5.75449E-05 -8.35416E-06  3.16898E-05
 THETA3        7.45264E-04  4.62152E-04  7.84688E-04  3.56159E-05 -1.37954E-04  2.72324E-04  4.38247E-04  3.26901E-04  7.48882E-06 -4.03507E-05  1.51461E-05 -3.94131E-06 -4.47160E-06  1.03281E-05  3.37171E-05
 THETA4       -2.99726E-04 -8.89974E-05  3.56159E-05  3.62563E-04  1.30169E-04  9.38414E-05  9.98437E-05  2.37952E-04  1.84556E-06 -8.17181E-05 -2.05194E-05 -1.24552E-05 -4.57782E-05 -3.70635E-06 -1.66799E-07
 THETA5       -1.06602E-03 -4.31155E-04 -1.37954E-04  1.30169E-04  1.21443E-03 -7.57386E-05 -2.57942E-04 -1.74068E-05 -3.99972E-07 -6.16068E-05  1.34083E-04  7.82142E-05 -2.01898E-05  4.41375E-05 -4.06372E-05
 THETA6       -2.11784E-04  7.32392E-05  2.72324E-04  9.38414E-05 -7.57386E-05  1.56038E-03 -7.25784E-05  5.76690E-04  4.88738E-06 -3.01783E-04 -6.31666E-05 -4.42261E-05 -1.69380E-04 -1.48341E-05  2.43585E-05
 THETA7       -8.57127E-05  1.28299E-04  4.38247E-04  9.98437E-05 -2.57942E-04 -7.25784E-05  4.03522E-03 -4.72411E-05  7.59133E-06 -3.49279E-04 -1.17218E-04 -3.28464E-05 -1.00827E-04 -2.02050E-05  8.39915E-05
 THETA8       -7.06885E-04 -2.89800E-04  3.26901E-04  2.37952E-04 -1.74068E-05  5.76690E-04 -4.72411E-05  7.45089E-03  5.70854E-06 -5.12257E-04 -5.17880E-05 -2.39062E-05 -2.95826E-04 -1.11948E-05 -4.96101E-05
 SIGMA(1,1)    8.62218E-06  2.33499E-06  7.48882E-06  1.84556E-06 -3.99972E-07  4.88738E-06  7.59133E-06  5.70854E-06  1.52501E-06 -9.42181E-06 -1.11909E-06 -1.29840E-06  1.57374E-06  1.15111E-07  1.46524E-06
 OMEGA(1,1)    9.28178E-04  8.59298E-05 -4.03507E-05 -8.17181E-05 -6.16068E-05 -3.01783E-04 -3.49279E-04 -5.12257E-04 -9.42181E-06  2.76569E-03  6.08585E-04  1.76556E-04  8.36273E-04  1.80181E-04  1.53145E-04
 OMEGA(2,1)    1.55042E-04 -1.41711E-05  1.51461E-05 -2.05194E-05  1.34083E-04 -6.31666E-05 -1.17218E-04 -5.17880E-05 -1.11909E-06  6.08585E-04  3.77157E-04  1.40849E-04  3.01389E-04  1.30216E-04  9.71124E-05
 OMEGA(2,2)    1.25504E-05 -1.02202E-05 -3.94131E-06 -1.24552E-05  7.82142E-05 -4.42261E-05 -3.28464E-05 -2.39062E-05 -1.29840E-06  1.76556E-04  1.40849E-04  9.62413E-05  9.96162E-05  6.79600E-05  3.94176E-05
 OMEGA(3,1)    5.10518E-04  5.75449E-05 -4.47160E-06 -4.57782E-05 -2.01898E-05 -1.69380E-04 -1.00827E-04 -2.95826E-04  1.57374E-06  8.36273E-04  3.01389E-04  9.96162E-05  5.00505E-04  1.32839E-04  1.61071E-04
 OMEGA(3,2)    3.69471E-05 -8.35416E-06  1.03281E-05 -3.70635E-06  4.41375E-05 -1.48341E-05 -2.02050E-05 -1.11948E-05  1.15111E-07  1.80181E-04  1.30216E-04  6.79600E-05  1.32839E-04  8.43164E-05  8.65017E-05
 OMEGA(3,3)    6.22719E-05  3.16898E-05  3.37171E-05 -1.66799E-07 -4.06372E-05  2.43585E-05  8.39915E-05 -4.96101E-05  1.46524E-06  1.53145E-04  9.71124E-05  3.94176E-05  1.61071E-04  8.65017E-05  1.63816E-04
TABLE NO.     2: Importance Sampling of Variance-Covariance (SIR): Problem=1 Subproblem=0 Superproblem1=0 Iteration1=0 Superproblem2=0 Iteration2=0
 NAME         THETA1       THETA2       THETA3       THETA4       THETA5       THETA6       THETA7       THETA8       SIGMA(1,1)   OMEGA(1,1)   OMEGA(2,1)   OMEGA(2,2)   OMEGA(3,1)   OMEGA(3,2)   OMEGA(3,3)
 THETA1        3.89013E-03  1.20854E-03  1.31915E-03 -2.38291E-04 -1.34662E-03  8.24291E-04  2.43551E-04  1.70183E-03 -4.74897E-06  3.44737E-04 -8.49893E-05 -1.79907E-04 -1.76150E-05 -1.47000E-04 -1.54383E-04
 THETA2        1.20854E-03  8.67800E-04  5.42204E-04 -1.14616E-04 -6.76037E-04  4.95683E-04  1.47965E-04  4.28178E-04  1.63740E-06  1.12578E-04 -5.06533E-05 -6.01052E-05 -1.25468E-05 -4.22557E-05 -4.66084E-05
 THETA3        1.31915E-03  5.42204E-04  1.26735E-03  1.41045E-04 -3.14694E-05  5.19873E-04  6.99755E-04  1.49319E-03 -1.26969E-06 -2.05206E-04 -4.39124E-05 -3.50310E-05 -1.02199E-04 -1.37615E-05  4.03853E-05
 THETA4       -2.38291E-04 -1.14616E-04  1.41045E-04  4.40771E-04  3.20055E-04  7.89165E-05  2.34228E-04  1.58992E-04  4.81535E-06 -2.26026E-04  6.87419E-06  2.00806E-05 -6.21266E-05  4.52497E-05  5.84577E-05
 THETA5       -1.34662E-03 -6.76037E-04 -3.14694E-05  3.20055E-04  1.57299E-03 -8.27660E-04  3.07361E-04 -4.02373E-04  4.22408E-06 -3.74403E-04  1.03680E-04  1.35102E-04  8.05528E-07  1.03177E-04  1.41833E-04
 THETA6        8.24291E-04  4.95683E-04  5.19873E-04  7.89165E-05 -8.27660E-04  3.85128E-03 -5.28035E-04  2.22887E-03  1.80497E-05 -9.60290E-04 -3.37171E-04 -2.17667E-04 -4.72929E-04 -1.13852E-04 -1.52427E-04
 THETA7        2.43551E-04  1.47965E-04  6.99755E-04  2.34228E-04  3.07361E-04 -5.28035E-04  3.54620E-03 -3.37445E-04 -3.32100E-06 -4.93766E-04 -2.18004E-05  1.10424E-04  2.62023E-05  1.55293E-04  2.92998E-04
 THETA8        1.70183E-03  4.28178E-04  1.49319E-03  1.58992E-04 -4.02373E-04  2.22887E-03 -3.37445E-04  7.16886E-03  6.57189E-06 -7.53891E-04 -2.71953E-04 -2.03602E-04 -4.58700E-04 -7.39682E-05 -7.97859E-06
 SIGMA(1,1)   -4.74897E-06  1.63740E-06 -1.26969E-06  4.81535E-06  4.22408E-06  1.80497E-05 -3.32100E-06  6.57189E-06  1.15784E-06 -1.83796E-05 -3.44124E-06 -8.99869E-07 -1.91867E-06 -1.13587E-07  5.18575E-07
 OMEGA(1,1)    3.44737E-04  1.12578E-04 -2.05206E-04 -2.26026E-04 -3.74403E-04 -9.60290E-04 -4.93766E-04 -7.53891E-04 -1.83796E-05  2.18316E-03  4.81562E-04  7.72479E-05  6.71336E-04  5.49058E-05  4.26793E-05
 OMEGA(2,1)   -8.49893E-05 -5.06533E-05 -4.39124E-05  6.87419E-06  1.03680E-04 -3.37171E-04 -2.18004E-05 -2.71953E-04 -3.44124E-06  4.81562E-04  2.58880E-04  8.04059E-05  2.30052E-04  8.28233E-05  9.88206E-05
 OMEGA(2,2)   -1.79907E-04 -6.01052E-05 -3.50310E-05  2.00806E-05  1.35102E-04 -2.17667E-04  1.10424E-04 -2.03602E-04 -8.99869E-07  7.72479E-05  8.04059E-05  7.39827E-05  6.64288E-05  5.16226E-05  4.67761E-05
 OMEGA(3,1)   -1.76150E-05 -1.25468E-05 -1.02199E-04 -6.21266E-05  8.05528E-07 -4.72929E-04  2.62023E-05 -4.58700E-04 -1.91867E-06  6.71336E-04  2.30052E-04  6.64288E-05  3.91028E-04  7.38342E-05  1.17202E-04
 OMEGA(3,2)   -1.47000E-04 -4.22557E-05 -1.37615E-05  4.52497E-05  1.03177E-04 -1.13852E-04  1.55293E-04 -7.39682E-05 -1.13587E-07  5.49058E-05  8.28233E-05  5.16226E-05  7.38342E-05  8.24231E-05  9.92248E-05
 OMEGA(3,3)   -1.54383E-04 -4.66084E-05  4.03853E-05  5.84577E-05  1.41833E-04 -1.52427E-04  2.92998E-04 -7.97859E-06  5.18575E-07  4.26793E-05  9.88206E-05  4.67761E-05  1.17202E-04  9.92248E-05  1.78043E-04
