TABLE NO.     1: Importance Sampling of Variance-Covariance (SIR): Problem=1 Subproblem=0 Superproblem1=0 Iteration1=0 Superproblem2=0 Iteration2=0
 NAME         THETA1       THETA2       THETA3       THETA4       THETA5       THETA6       THETA7       THETA8       SIGMA(1,1)   OMEGA(1,1)   OMEGA(2,1)   OMEGA(2,2)   OMEGA(3,1)   OMEGA(3,2)   OMEGA(3,3)
 THETA1        6.30286E+02 -1.81175E+02 -5.32139E+02  1.77118E+02  4.11270E+02 -8.89194E-01  5.88794E+01  6.78808E+01 -4.56798E+02 -6.56652E+00  2.64577E+02  3.20849E+02 -7.11816E+02 -4.97692E+02  9.14682E+02
 THETA2       -1.81175E+02  3.37564E+03 -2.01281E+03  5.27352E+02  5.95947E+02  1.17083E+02  1.07116E+02  1.03639E+02  2.26215E+03 -2.30129E+02 -1.65701E+02 -9.36799E+02  5.80969E+02  1.81891E+03 -1.41369E+03
 THETA3       -5.32139E+02 -2.01281E+03  3.33297E+03 -3.47840E+02 -8.45584E+02 -9.68621E+01 -3.03667E+02 -2.55684E+02 -4.69546E+03  1.65019E+02 -4.19102E+02  6.39679E+02  5.63100E+02 -1.20357E+03  6.41624E+02
 THETA4        1.77118E+02  5.27352E+02 -3.47840E+02  2.75094E+03 -1.86888E+02  9.34131E+01  5.91446E+01 -4.31545E+00 -9.23365E+02  2.79286E+01  6.04998E+02  2.92241E+02 -7.55451E+02  1.66243E+01 -1.34706E+02
 THETA5        4.11270E+02  5.95947E+02 -8.45584E+02 -1.86888E+02  1.33529E+03  5.33996E+01  8.12735E+01  6.03739E+01  6.13571E+02  4.67388E+00 -6.79432E+02 -9.75800E+01 -2.43730E+01  2.03628E+02  3.65167E+02
 THETA6       -8.89194E-01  1.17083E+02 -9.68621E+01  9.34131E+01  5.33996E+01  5.41700E+02 -1.86158E+00 -4.99989E+01 -5.61207E+02  1.88626E+01 -1.06152E+02  1.37728E+02  1.64596E+02 -3.29935E+01 -2.48452E+02
 THETA7        5.88794E+01  1.07116E+02 -3.03667E+02  5.91446E+01  8.12735E+01 -1.86158E+00  2.45628E+02  4.39682E+01  3.64193E+02  3.19942E+00 -6.55519E+01  2.07676E+01  1.09622E+02 -2.34935E+02  1.08645E+02
 THETA8        6.78808E+01  1.03639E+02 -2.55684E+02 -4.31545E+00  6.03739E+01 -4.99989E+01  4.39682E+01  1.99302E+02  1.57644E+03 -2.14690E+01 -3.18256E+02  1.78740E+02  1.13606E+02  2.69016E+02 -9.88109E+01
 SIGMA(1,1)   -4.56798E+02  2.26215E+03 -4.69546E+03 -9.23365E+02  6.13571E+02 -5.61207E+02  3.64193E+02  1.57644E+03  9.03082E+05  2.51805E+03 -6.66178E+02 -1.21033E+04 -7.04255E+03  1.78017E+04  4.69411E+02
 OMEGA(1,1)   -6.56652E+00 -2.30129E+02  1.65019E+02  2.79286E+01  4.67388E+00  1.88626E+01  3.19942E+00 -2.14690E+01  2.51805E+03  9.96860E+02 -1.41561E+03 -1.11173E+02 -1.19837E+03  1.30575E+03  3.91106E+02
 OMEGA(2,1)    2.64577E+02 -1.65701E+02 -4.19102E+02  6.04998E+02 -6.79432E+02 -1.06152E+02 -6.55519E+01 -3.18256E+02 -6.66178E+02 -1.41561E+03  1.11044E+04 -6.42488E+03 -3.33984E+03 -4.28980E+03  2.19320E+03
 OMEGA(2,2)    3.20849E+02 -9.36799E+02  6.39679E+02  2.92241E+02 -9.75800E+01  1.37728E+02  2.07676E+01  1.78740E+02 -1.21033E+04 -1.11173E+02 -6.42488E+03  3.15455E+04  3.17158E+03 -2.90764E+04  7.19513E+03
 OMEGA(3,1)   -7.11816E+02  5.80969E+02  5.63100E+02 -7.55451E+02 -2.43730E+01  1.64596E+02  1.09622E+02  1.13606E+02 -7.04255E+03 -1.19837E+03 -3.33984E+03  3.17158E+03  8.59443E+03 -1.89462E+03 -5.74914E+03
 OMEGA(3,2)   -4.97692E+02  1.81891E+03 -1.20357E+03  1.66243E+01  2.03628E+02 -3.29935E+01 -2.34935E+02  2.69016E+02  1.78017E+04  1.30575E+03 -4.28980E+03 -2.90764E+04 -1.89462E+03  6.15578E+04 -2.17534E+04
 OMEGA(3,3)    9.14682E+02 -1.41369E+03  6.41624E+02 -1.34706E+02  3.65167E+02 -2.48452E+02  1.08645E+02 -9.88109E+01  4.69411E+02  3.91106E+02  2.19320E+03  7.19513E+03 -5.74914E+03 -2.17534E+04  1.95496E+04
