TABLE NO.     1: Importance Sampling of Variance-Covariance (SIR): Problem=1 Subproblem=0 Superproblem1=0 Iteration1=0 Superproblem2=0 Iteration2=0
 NAME         THETA1       THETA2       THETA3       THETA4       THETA5       THETA6       THETA7       THETA8       SIGMA(1,1)   OMEGA(1,1)   OMEGA(2,1)   OMEGA(2,2)   OMEGA(3,1)   OMEGA(3,2)   OMEGA(3,3)
 THETA1        3.60377E-03  8.24110E-04  7.25534E-04 -3.23413E-04 -1.07557E-03 -2.54500E-05  1.35508E-04 -6.03551E-04  5.36211E-06  8.29898E-05 -1.53812E-04 -1.06357E-04  4.30002E-05 -9.14742E-05 -1.53625E-04
 THETA2        8.24110E-04  7.19853E-04  5.15455E-04 -1.67736E-04 -2.84237E-04 -2.79550E-06  2.69566E-04  6.02006E-05  9.06709E-07  3.95731E-05 -1.54806E-05 -7.44685E-06 -6.87418E-05 -2.73865E-05 -4.75220E-05
 THETA3        7.25534E-04  5.15455E-04  8.76527E-04 -9.09796E-05  4.62764E-05  1.10503E-04  6.75846E-04  5.19157E-04  2.21547E-06 -1.22520E-04 -7.57387E-06 -7.97200E-06 -1.51231E-04 -3.61379E-05 -1.05163E-04
 THETA4       -3.23413E-04 -1.67736E-04 -9.09796E-05  4.45212E-04  1.80421E-04 -7.18545E-05 -1.73601E-04  3.36666E-05  2.16535E-07  2.38288E-05  5.21498E-06 -7.27138E-06  7.36474E-05  1.30769E-05  4.37260E-05
 THETA5       -1.07557E-03 -2.84237E-04  4.62764E-05  1.80421E-04  1.35433E-03 -5.33915E-05 -4.97821E-05  3.71253E-04 -9.66762E-07  2.25773E-04  2.21086E-04  8.98722E-05  5.57789E-05  5.77825E-05  2.39971E-05
 THETA6       -2.54500E-05 -2.79550E-06  1.10503E-04 -7.18545E-05 -5.33915E-05  1.98126E-03  1.02085E-04  6.74927E-04  2.09068E-07 -1.37054E-04 -2.16407E-06 -9.55290E-06 -7.11416E-05  1.28520E-06  1.28918E-05
 THETA7        1.35508E-04  2.69566E-04  6.75846E-04 -1.73601E-04 -4.97821E-05  1.02085E-04  5.08660E-03 -4.77364E-04  1.10531E-06 -5.15189E-04 -7.80282E-05  2.98616E-05 -3.42620E-04 -1.58065E-05 -1.48981E-04
 THETA8       -6.03551E-04  6.02006E-05  5.19157E-04  3.36666E-05  3.71253E-04  6.74927E-04 -4.77364E-04  6.68710E-03 -9.92564E-06  5.88550E-04  3.36660E-04  1.67094E-05  1.14217E-05 -9.40551E-06 -8.68152E-06
 SIGMA(1,1)    5.36211E-06  9.06709E-07  2.21547E-06  2.16535E-07 -9.66762E-07  2.09068E-07  1.10531E-06 -9.92564E-06  1.15528E-06 -3.76964E-06 -8.87479E-07 -3.90184E-08 -9.96425E-08 -4.66777E-07 -6.79229E-07
 OMEGA(1,1)    8.29898E-05  3.95731E-05 -1.22520E-04  2.38288E-05  2.25773E-04 -1.37054E-04 -5.15189E-04  5.88550E-04 -3.76964E-06  2.91834E-03  8.20103E-04  2.27697E-04  8.87011E-04  2.19945E-04  2.74534E-04
 OMEGA(2,1)   -1.53812E-04 -1.54806E-05 -7.57387E-06  5.21498E-06  2.21086E-04 -2.16407E-06 -7.80282E-05  3.36660E-04 -8.87479E-07  8.20103E-04  4.48746E-04  1.65153E-04  3.44552E-04  1.50941E-04  1.46109E-04
 OMEGA(2,2)   -1.06357E-04 -7.44685E-06 -7.97200E-06 -7.27138E-06  8.98722E-05 -9.55290E-06  2.98616E-05  1.67094E-05 -3.90184E-08  2.27697E-04  1.65153E-04  1.26668E-04  1.05711E-04  9.23756E-05  6.69420E-05
 OMEGA(3,1)    4.30002E-05 -6.87418E-05 -1.51231E-04  7.36474E-05  5.57789E-05 -7.11416E-05 -3.42620E-04  1.14217E-05 -9.96425E-08  8.87011E-04  3.44552E-04  1.05711E-04  5.60618E-04  1.55387E-04  2.40970E-04
 OMEGA(3,2)   -9.14742E-05 -2.73865E-05 -3.61379E-05  1.30769E-05  5.77825E-05  1.28520E-06 -1.58065E-05 -9.40551E-06 -4.66777E-07  2.19945E-04  1.50941E-04  9.23756E-05  1.55387E-04  1.10912E-04  1.16343E-04
 OMEGA(3,3)   -1.53625E-04 -4.75220E-05 -1.05163E-04  4.37260E-05  2.39971E-05  1.28918E-05 -1.48981E-04 -8.68152E-06 -6.79229E-07  2.74534E-04  1.46109E-04  6.69420E-05  2.40970E-04  1.16343E-04  2.12973E-04
