TABLE NO.     1: Importance Sampling of Variance-Covariance (SIR): Problem=1 Subproblem=0 Superproblem1=0 Iteration1=0 Superproblem2=0 Iteration2=0
 NAME         THETA1       THETA2       THETA3       THETA4       THETA5       THETA6       THETA7       THETA8       SIGMA(1,1)   OMEGA(1,1)   OMEGA(2,1)   OMEGA(2,2)   OMEGA(3,1)   OMEGA(3,2)   OMEGA(3,3)
 THETA1        6.00314E-02  5.11663E-01  4.08222E-01 -2.55326E-01 -4.86852E-01 -9.52442E-03  3.16499E-02 -1.22946E-01  8.31024E-02  2.55905E-02 -1.20952E-01 -1.57418E-01  3.02523E-02 -1.44687E-01 -1.75356E-01
 THETA2        5.11663E-01  2.68301E-02  6.48912E-01 -2.96293E-01 -2.87870E-01 -2.34081E-03  1.40873E-01  2.74385E-02  3.14415E-02  2.73030E-02 -2.72374E-02 -2.46614E-02 -1.08210E-01 -9.69229E-02 -1.21370E-01
 THETA3        4.08222E-01  6.48912E-01  2.96062E-02 -1.45639E-01  4.24732E-02  8.38534E-02  3.20075E-01  2.14436E-01  6.96208E-02 -7.66046E-02 -1.20763E-02 -2.39249E-02 -2.15737E-01 -1.15902E-01 -2.43398E-01
 THETA4       -2.55326E-01 -2.96293E-01 -1.45639E-01  2.11000E-02  2.32349E-01 -7.65066E-02 -1.15360E-01  1.95118E-02  9.54775E-03  2.09051E-02  1.16673E-02 -3.06196E-02  1.47415E-01  5.88480E-02  1.42002E-01
 THETA5       -4.86852E-01 -2.87870E-01  4.24732E-02  2.32349E-01  3.68012E-02 -3.25941E-02 -1.89669E-02  1.23364E-01 -2.44407E-02  1.13564E-01  2.83594E-01  2.16985E-01  6.40139E-02  1.49089E-01  4.46821E-02
 THETA6       -9.52442E-03 -2.34081E-03  8.38534E-02 -7.65066E-02 -3.25941E-02  4.45114E-02  3.21571E-02  1.85424E-01  4.36991E-03 -5.69971E-02 -2.29510E-03 -1.90691E-02 -6.75023E-02  2.74164E-03  1.98463E-02
 THETA7        3.16499E-02  1.40873E-01  3.20075E-01 -1.15360E-01 -1.89669E-02  3.21571E-02  7.13204E-02 -8.18496E-02  1.44188E-02 -1.33716E-01 -5.16461E-02  3.72020E-02 -2.02893E-01 -2.10442E-02 -1.43138E-01
 THETA8       -1.22946E-01  2.74385E-02  2.14436E-01  1.95118E-02  1.23364E-01  1.85424E-01 -8.18496E-02  8.17747E-02 -1.12927E-01  1.33228E-01  1.94345E-01  1.81555E-02  5.89898E-03 -1.09213E-02 -7.27470E-03
 SIGMA(1,1)    8.31024E-02  3.14415E-02  6.96208E-02  9.54775E-03 -2.44407E-02  4.36991E-03  1.44188E-02 -1.12927E-01  1.07484E-03 -6.49215E-02 -3.89775E-02 -3.22546E-03 -3.91532E-03 -4.12361E-02 -4.33023E-02
 OMEGA(1,1)    2.55905E-02  2.73030E-02 -7.66046E-02  2.09051E-02  1.13564E-01 -5.69971E-02 -1.33716E-01  1.33228E-01 -6.49215E-02  5.40217E-02  7.16638E-01  3.74504E-01  6.93470E-01  3.86596E-01  3.48229E-01
 OMEGA(2,1)   -1.20952E-01 -2.72374E-02 -1.20763E-02  1.16673E-02  2.83594E-01 -2.29510E-03 -5.16461E-02  1.94345E-01 -3.89775E-02  7.16638E-01  2.11836E-02  6.92712E-01  6.86943E-01  6.76579E-01  4.72624E-01
 OMEGA(2,2)   -1.57418E-01 -2.46614E-02 -2.39249E-02 -3.06196E-02  2.16985E-01 -1.90691E-02  3.72020E-02  1.81555E-02 -3.22546E-03  3.74504E-01  6.92712E-01  1.12547E-02  3.96690E-01  7.79354E-01  4.07571E-01
 OMEGA(3,1)    3.02523E-02 -1.08210E-01 -2.15737E-01  1.47415E-01  6.40139E-02 -6.75023E-02 -2.02893E-01  5.89898E-03 -3.91532E-03  6.93470E-01  6.86943E-01  3.96690E-01  2.36774E-02  6.23151E-01  6.97378E-01
 OMEGA(3,2)   -1.44687E-01 -9.69229E-02 -1.15902E-01  5.88480E-02  1.49089E-01  2.74164E-03 -2.10442E-02 -1.09213E-02 -4.12361E-02  3.86596E-01  6.76579E-01  7.79354E-01  6.23151E-01  1.05315E-02  7.56988E-01
 OMEGA(3,3)   -1.75356E-01 -1.21370E-01 -2.43398E-01  1.42002E-01  4.46821E-02  1.98463E-02 -1.43138E-01 -7.27470E-03 -4.33023E-02  3.48229E-01  4.72624E-01  4.07571E-01  6.97378E-01  7.56988E-01  1.45936E-02
