TABLE NO.     1: Importance Sampling of Variance-Covariance (SIR): Problem=1 Subproblem=0 Superproblem1=0 Iteration1=0 Superproblem2=0 Iteration2=0
 NAME         THETA1       THETA2       THETA3       THETA4       THETA5       THETA6       THETA7       THETA8       SIGMA(1,1)   OMEGA(1,1)   OMEGA(2,1)   OMEGA(2,2)   OMEGA(3,1)   OMEGA(3,2)   OMEGA(3,3)
 THETA1        3.41947E-03  9.62411E-04  8.62005E-04 -3.21766E-04 -6.89021E-04  1.18688E-04 -7.76279E-06  3.83157E-04  1.30433E-06  6.94675E-04  1.52137E-04  4.53493E-05  2.95084E-04  3.94043E-05  4.85120E-05
 THETA2        9.62411E-04  8.60379E-04  7.14171E-04 -2.13418E-04 -1.72193E-04  2.58337E-04  9.31123E-05  3.78586E-04  2.28691E-06 -8.97396E-05  3.03690E-05  6.67608E-05  2.23951E-05  5.44198E-05  3.96195E-05
 THETA3        8.62005E-04  7.14171E-04  1.33915E-03 -2.05571E-04  3.96112E-04  4.28128E-04  3.36394E-04  1.26217E-03  3.81838E-06 -1.42036E-04  1.23362E-04  1.61679E-04  2.81224E-05  1.27439E-04  5.23220E-05
 THETA4       -3.21766E-04 -2.13418E-04 -2.05571E-04  4.56294E-04  4.27239E-05 -5.13604E-05  3.25296E-05 -1.50231E-04  9.63303E-07  4.54862E-06 -5.09242E-05 -5.83417E-05 -3.77438E-05 -4.88281E-05 -3.14797E-05
 THETA5       -6.89021E-04 -1.72193E-04  3.96112E-04  4.27239E-05  1.52724E-03  1.16896E-04 -6.28536E-06  2.85638E-04  3.09993E-06 -4.86295E-06  2.00804E-04  1.90458E-04  5.91611E-05  1.32688E-04  3.26445E-05
 THETA6        1.18688E-04  2.58337E-04  4.28128E-04 -5.13604E-05  1.16896E-04  2.20564E-03  9.02498E-05  6.62639E-04  3.44944E-06 -2.44194E-04  3.48862E-05  7.09268E-05 -6.71110E-05  6.22838E-05  1.90578E-05
 THETA7       -7.76279E-06  9.31123E-05  3.36394E-04  3.25296E-05 -6.28536E-06  9.02498E-05  4.54667E-03 -5.19260E-04  5.14487E-07  1.81931E-05  4.83336E-05  4.75845E-05  7.03372E-05  6.20968E-05  8.92849E-05
 THETA8        3.83157E-04  3.78586E-04  1.26217E-03 -1.50231E-04  2.85638E-04  6.62639E-04 -5.19260E-04  7.49933E-03  3.38098E-06 -1.86502E-04  9.85905E-05  1.36562E-04 -1.51037E-04  7.27555E-05 -5.51760E-05
 SIGMA(1,1)    1.30433E-06  2.28691E-06  3.81838E-06  9.63303E-07  3.09993E-06  3.44944E-06  5.14487E-07  3.38098E-06  1.16144E-06 -5.41251E-06  1.34794E-07  4.39251E-07  1.31641E-06  7.26805E-07  2.41139E-07
 OMEGA(1,1)    6.94675E-04 -8.97396E-05 -1.42036E-04  4.54862E-06 -4.86295E-06 -2.44194E-04  1.81931E-05 -1.86502E-04 -5.41251E-06  2.54165E-03  5.61013E-04  1.16903E-04  7.99890E-04  1.60204E-04  2.19385E-04
 OMEGA(2,1)    1.52137E-04  3.03690E-05  1.23362E-04 -5.09242E-05  2.00804E-04  3.48862E-05  4.83336E-05  9.85905E-05  1.34794E-07  5.61013E-04  3.59068E-04  1.61690E-04  2.97441E-04  1.52063E-04  1.26144E-04
 OMEGA(2,2)    4.53493E-05  6.67608E-05  1.61679E-04 -5.83417E-05  1.90458E-04  7.09268E-05  4.75845E-05  1.36562E-04  4.39251E-07  1.16903E-04  1.61690E-04  1.59522E-04  1.12303E-04  1.19445E-04  7.72786E-05
 OMEGA(3,1)    2.95084E-04  2.23951E-05  2.81224E-05 -3.77438E-05  5.91611E-05 -6.71110E-05  7.03372E-05 -1.51037E-04  1.31641E-06  7.99890E-04  2.97441E-04  1.12303E-04  5.17420E-04  1.59029E-04  2.11979E-04
 OMEGA(3,2)    3.94043E-05  5.44198E-05  1.27439E-04 -4.88281E-05  1.32688E-04  6.22838E-05  6.20968E-05  7.27555E-05  7.26805E-07  1.60204E-04  1.52063E-04  1.19445E-04  1.59029E-04  1.32483E-04  1.22544E-04
 OMEGA(3,3)    4.85120E-05  3.96195E-05  5.23220E-05 -3.14797E-05  3.26445E-05  1.90578E-05  8.92849E-05 -5.51760E-05  2.41139E-07  2.19385E-04  1.26144E-04  7.72786E-05  2.11979E-04  1.22544E-04  1.95533E-04
