TABLE NO.     1: Importance Sampling of Variance-Covariance (SIR): Problem=1 Subproblem=0 Superproblem1=0 Iteration1=0 Superproblem2=0 Iteration2=0
 NAME         THETA1       THETA2       THETA3       THETA4       THETA5       THETA6       THETA7       THETA8       SIGMA(1,1)   OMEGA(1,1)   OMEGA(2,1)   OMEGA(2,2)   OMEGA(3,1)   OMEGA(3,2)   OMEGA(3,3)
 THETA1        5.91738E+02 -3.32051E+02 -3.58802E+02  1.02005E+02  3.01127E+02  1.86394E+01  3.30380E+01  2.84976E+01 -3.88352E+02 -1.26026E+02 -3.24177E+00 -2.29114E+02 -3.44288E+02  5.75352E+02  2.20953E+02
 THETA2       -3.32051E+02  3.15657E+03 -1.67419E+03  4.26517E+02  6.37753E+02 -7.26646E+01  8.05975E+01  1.42198E+02 -2.38164E+03  8.14222E+01  1.56654E+02 -7.41644E+02  1.00690E+02  6.26741E+02 -5.34936E+02
 THETA3       -3.58802E+02 -1.67419E+03  2.58544E+03  3.75037E+01 -8.84264E+02 -9.38231E+01 -1.82609E+02 -2.82481E+02 -1.25801E+02  1.30561E+02  3.07743E+01  3.39728E+02  2.20823E+02 -1.62504E+03  3.81492E+02
 THETA4        1.02005E+02  4.26517E+02  3.75037E+01  2.62458E+03 -9.96177E+01 -3.26796E+01 -3.87315E+01  6.38769E+00 -3.95038E+03 -9.08068E+01  2.57405E+01  4.38554E+02  4.36242E+01  7.51295E+02 -2.61237E+02
 THETA5        3.01127E+02  6.37753E+02 -8.84264E+02 -9.96177E+01  1.22559E+03  1.52451E+01  6.91655E+01  7.80129E+01 -1.86086E+03 -1.63896E+01 -2.36529E+02 -9.58142E+02 -9.93743E+01  2.61174E+01  4.44294E+02
 THETA6        1.86394E+01 -7.26646E+01 -9.38231E+01 -3.26796E+01  1.52451E+01  4.99546E+02 -1.69644E+00 -2.02389E+01 -9.01658E+02  1.83337E+01 -8.66843E+01  1.20305E+02  1.52033E+02 -3.74545E+02  3.26034E+01
 THETA7        3.30380E+01  8.05975E+01 -1.82609E+02 -3.87315E+01  6.91655E+01 -1.69644E+00  2.38248E+02  3.75157E+01 -9.87590E+00 -8.28673E+00 -5.07693E+00 -6.06791E+01  3.61102E+00  9.13485E+01 -1.16082E+02
 THETA8        2.84976E+01  1.42198E+02 -2.82481E+02  6.38769E+00  7.80129E+01 -2.02389E+01  3.75157E+01  1.76735E+02 -2.98900E+02 -2.75405E+01 -5.57674E+01 -4.63338E+01  9.36683E+01  2.20613E+01  3.26080E+01
 SIGMA(1,1)   -3.88352E+02 -2.38164E+03 -1.25801E+02 -3.95038E+03 -1.86086E+03 -9.01658E+02 -9.87590E+00 -2.98900E+02  9.22958E+05  5.51534E+03  1.56382E+03  8.51914E+03 -1.48098E+04 -1.31233E+04  1.28732E+04
 OMEGA(1,1)   -1.26026E+02  8.14222E+01  1.30561E+02 -9.08068E+01 -1.63896E+01  1.83337E+01 -8.28673E+00 -2.75405E+01  5.51534E+03  1.04642E+03 -1.12999E+03  3.52935E+02 -1.43869E+03  1.00214E+03  3.02447E+02
 OMEGA(2,1)   -3.24177E+00  1.56654E+02  3.07743E+01  2.57405E+01 -2.36529E+02 -8.66843E+01 -5.07693E+00 -5.57674E+01  1.56382E+03 -1.12999E+03  1.03376E+04 -5.14337E+03 -2.63668E+03 -4.76827E+03  2.47587E+03
 OMEGA(2,2)   -2.29114E+02 -7.41644E+02  3.39728E+02  4.38554E+02 -9.58142E+02  1.20305E+02 -6.06791E+01 -4.63338E+01  8.51914E+03  3.52935E+02 -5.14337E+03  3.00604E+04  2.25749E+03 -3.08851E+04  8.28966E+03
 OMEGA(3,1)   -3.44288E+02  1.00690E+02  2.20823E+02  4.36242E+01 -9.93743E+01  1.52033E+02  3.61102E+00  9.36683E+01 -1.48098E+04 -1.43869E+03 -2.63668E+03  2.25749E+03  8.27328E+03 -3.04011E+03 -4.58311E+03
 OMEGA(3,2)    5.75352E+02  6.26741E+02 -1.62504E+03  7.51295E+02  2.61174E+01 -3.74545E+02  9.13485E+01  2.20613E+01 -1.31233E+04  1.00214E+03 -4.76827E+03 -3.08851E+04 -3.04011E+03  6.77168E+04 -2.46863E+04
 OMEGA(3,3)    2.20953E+02 -5.34936E+02  3.81492E+02 -2.61237E+02  4.44294E+02  3.26034E+01 -1.16082E+02  3.26080E+01  1.28732E+04  3.02447E+02  2.47587E+03  8.28966E+03 -4.58311E+03 -2.46863E+04  2.02197E+04
