TABLE NO.     1: Importance Sampling of Variance-Covariance (SIR): Problem=1 Subproblem=0 Superproblem1=0 Iteration1=0 Superproblem2=0 Iteration2=0
 NAME         THETA1       THETA2       THETA3       THETA4       THETA5       THETA6       THETA7       THETA8       SIGMA(1,1)   OMEGA(1,1)   OMEGA(2,1)   OMEGA(2,2)   OMEGA(3,1)   OMEGA(3,2)   OMEGA(3,3)
 THETA1        5.84762E-02  5.61095E-01  4.02825E-01 -2.57596E-01 -3.01509E-01  4.32174E-02 -1.96876E-03  7.56636E-02  2.06971E-02  2.35637E-01  1.37299E-01  6.14018E-02  2.21843E-01  5.85443E-02  5.93281E-02
 THETA2        5.61095E-01  2.93322E-02  6.65338E-01 -3.40615E-01 -1.50217E-01  1.87531E-01  4.70777E-02  1.49042E-01  7.23445E-02 -6.06849E-02  5.46384E-02  1.80205E-01  3.35650E-02  1.61188E-01  9.65949E-02
 THETA3        4.02825E-01  6.65338E-01  3.65944E-02 -2.62982E-01  2.76981E-01  2.49110E-01  1.36329E-01  3.98284E-01  9.68203E-02 -7.69883E-02  1.77902E-01  3.49806E-01  3.37845E-02  3.02557E-01  1.02249E-01
 THETA4       -2.57596E-01 -3.40615E-01 -2.62982E-01  2.13610E-02  5.11794E-02 -5.11963E-02  2.25845E-02 -8.12129E-02  4.18449E-02  4.22376E-03 -1.25810E-01 -2.16245E-01 -7.76787E-02 -1.98595E-01 -1.05390E-01
 THETA5       -3.01509E-01 -1.50217E-01  2.76981E-01  5.11794E-02  3.90799E-02  6.36913E-02 -2.38523E-03  8.44017E-02  7.36037E-02 -2.46824E-03  2.71164E-01  3.85866E-01  6.65521E-02  2.94984E-01  5.97375E-02
 THETA6        4.32174E-02  1.87531E-01  2.49110E-01 -5.11963E-02  6.36913E-02  4.69643E-02  2.84991E-02  1.62929E-01  6.81527E-02 -1.03136E-01  3.92011E-02  1.19573E-01 -6.28210E-02  1.15220E-01  2.90199E-02
 THETA7       -1.96876E-03  4.70777E-02  1.36329E-01  2.25845E-02 -2.38523E-03  2.84991E-02  6.74290E-02 -8.89256E-02  7.07993E-03  5.35182E-03  3.78281E-02  5.58739E-02  4.58582E-02  8.00097E-02  9.46938E-02
 THETA8        7.56636E-02  1.49042E-01  3.98284E-01 -8.12129E-02  8.44017E-02  1.62929E-01 -8.89256E-02  8.65987E-02  3.62270E-02 -4.27184E-02  6.00808E-02  1.24855E-01 -7.66745E-02  7.29918E-02 -4.55648E-02
 SIGMA(1,1)    2.06971E-02  7.23445E-02  9.68203E-02  4.18449E-02  7.36037E-02  6.81527E-02  7.07993E-03  3.62270E-02  1.07770E-03 -9.96189E-02  6.60060E-03  3.22703E-02  5.36996E-02  5.85920E-02  1.60014E-02
 OMEGA(1,1)    2.35637E-01 -6.06849E-02 -7.69883E-02  4.22376E-03 -2.46824E-03 -1.03136E-01  5.35182E-03 -4.27184E-02 -9.96189E-02  5.04148E-02  5.87254E-01  1.83594E-01  6.97510E-01  2.76081E-01  3.11200E-01
 OMEGA(2,1)    1.37299E-01  5.46384E-02  1.77902E-01 -1.25810E-01  2.71164E-01  3.92011E-02  3.78281E-02  6.00808E-02  6.60060E-03  5.87254E-01  1.89491E-02  6.75593E-01  6.90067E-01  6.97194E-01  4.76069E-01
 OMEGA(2,2)    6.14018E-02  1.80205E-01  3.49806E-01 -2.16245E-01  3.85866E-01  1.19573E-01  5.58739E-02  1.24855E-01  3.22703E-02  1.83594E-01  6.75593E-01  1.26302E-02  3.90895E-01  8.21633E-01  4.37561E-01
 OMEGA(3,1)    2.21843E-01  3.35650E-02  3.37845E-02 -7.76787E-02  6.65521E-02 -6.28210E-02  4.58582E-02 -7.66745E-02  5.36996E-02  6.97510E-01  6.90067E-01  3.90895E-01  2.27469E-02  6.07398E-01  6.66441E-01
 OMEGA(3,2)    5.85443E-02  1.61188E-01  3.02557E-01 -1.98595E-01  2.94984E-01  1.15220E-01  8.00097E-02  7.29918E-02  5.85920E-02  2.76081E-01  6.97194E-01  8.21633E-01  6.07398E-01  1.15101E-02  7.61378E-01
 OMEGA(3,3)    5.93281E-02  9.65949E-02  1.02249E-01 -1.05390E-01  5.97375E-02  2.90199E-02  9.46938E-02 -4.55648E-02  1.60014E-02  3.11200E-01  4.76069E-01  4.37561E-01  6.66441E-01  7.61378E-01  1.39833E-02
