TABLE NO.     1: Importance Sampling of Variance-Covariance (SIR): Problem=1 Subproblem=0 Superproblem1=0 Iteration1=0 Superproblem2=0 Iteration2=0
 NAME         THETA1       THETA2       THETA3       THETA4       THETA5       THETA6       THETA7       THETA8       SIGMA(1,1)   OMEGA(1,1)   OMEGA(2,1)   OMEGA(2,2)   OMEGA(3,1)   OMEGA(3,2)   OMEGA(3,3)
 THETA1        5.95753E-02  5.18699E-01  3.53457E-01 -2.08389E-01 -4.03444E-01 -5.18777E-02 -1.52488E-02  2.25610E-02  4.41950E-02  2.52777E-01  5.01111E-02 -6.91275E-02  2.05681E-01 -5.02979E-02 -1.35607E-03
 THETA2        5.18699E-01  2.67458E-02  5.71020E-01 -2.40567E-01 -3.42348E-01  4.33347E-02  6.18244E-02  3.95235E-02  5.79340E-02 -2.30834E-02 -8.22631E-02 -1.14115E-01 -7.65843E-02 -1.14305E-01 -8.86583E-02
 THETA3        3.53457E-01  5.71020E-01  3.09286E-02 -5.41478E-02  8.88443E-02  1.24891E-01  2.53781E-01  2.37485E-01  3.79772E-02 -5.93855E-02  3.02307E-03 -2.81674E-02 -1.26697E-01 -7.70514E-02 -1.71663E-01
 THETA4       -2.08389E-01 -2.40567E-01 -5.41478E-02  2.07007E-02  2.18846E-01 -1.22238E-02 -4.56284E-02  9.49805E-04  5.82813E-02  3.52289E-03  1.85010E-02  6.86137E-02  6.30799E-02  9.18751E-02  1.11162E-01
 THETA5       -4.03444E-01 -3.42348E-01  8.88443E-02  2.18846E-01  3.77596E-02 -5.85696E-02 -2.40482E-02 -1.50105E-02 -9.56277E-03  5.07515E-02  1.74861E-01  1.85198E-01  4.01352E-02  8.41130E-02 -3.20366E-02
 THETA6       -5.18777E-02  4.33347E-02  1.24891E-01 -1.22238E-02 -5.85696E-02  4.47167E-02  7.07437E-02  1.12760E-01 -3.12894E-02 -1.38134E-01 -6.31139E-02 -2.18080E-02 -1.51070E-01 -4.16272E-02 -4.73482E-02
 THETA7       -1.52488E-02  6.18244E-02  2.53781E-01 -4.56284E-02 -2.40482E-02  7.07437E-02  7.21446E-02 -8.42309E-02 -1.89158E-02 -9.97993E-02 -7.05671E-02  1.68203E-02 -1.40794E-01 -7.25794E-03 -6.62826E-02
 THETA8        2.25610E-02  3.95235E-02  2.37485E-01  9.49805E-04 -1.50105E-02  1.12760E-01 -8.42309E-02  8.13664E-02 -2.93864E-02  5.82063E-02  1.90796E-02 -2.38657E-02 -5.84624E-02 -7.64177E-02 -5.04665E-02
 SIGMA(1,1)    4.41950E-02  5.79340E-02  3.79772E-02  5.82813E-02 -9.56277E-03 -3.12894E-02 -1.89158E-02 -2.93864E-02  1.09405E-03 -4.97455E-02 -5.15180E-02 -5.27475E-02  2.09165E-02 -1.45927E-02 -4.74485E-04
 OMEGA(1,1)    2.52777E-01 -2.30834E-02 -5.93855E-02  3.52289E-03  5.07515E-02 -1.38134E-01 -9.97993E-02  5.82063E-02 -4.97455E-02  5.28895E-02  5.97712E-01  2.82242E-01  7.08309E-01  3.15287E-01  3.33293E-01
 OMEGA(2,1)    5.01111E-02 -8.22631E-02  3.02307E-03  1.85010E-02  1.74861E-01 -6.31139E-02 -7.05671E-02  1.90796E-02 -5.15180E-02  5.97712E-01  1.93783E-02  6.42975E-01  6.73142E-01  6.49139E-01  4.09767E-01
 OMEGA(2,2)   -6.91275E-02 -1.14115E-01 -2.81674E-02  6.86137E-02  1.85198E-01 -2.18080E-02  1.68203E-02 -2.38657E-02 -5.27475E-02  2.82242E-01  6.42975E-01  1.13816E-02  4.10681E-01  7.81563E-01  4.21320E-01
 OMEGA(3,1)    2.05681E-01 -7.65843E-02 -1.26697E-01  6.30799E-02  4.01352E-02 -1.51070E-01 -1.40794E-01 -5.84624E-02  2.09165E-02  7.08309E-01  6.73142E-01  4.10681E-01  2.28299E-02  5.93829E-01  6.51490E-01
 OMEGA(3,2)   -5.02979E-02 -1.14305E-01 -7.70514E-02  9.18751E-02  8.41130E-02 -4.16272E-02 -7.25794E-03 -7.64177E-02 -1.45927E-02  3.15287E-01  6.49139E-01  7.81563E-01  5.93829E-01  1.03511E-02  7.52007E-01
 OMEGA(3,3)   -1.35607E-03 -8.86583E-02 -1.71663E-01  1.11162E-01 -3.20366E-02 -4.73482E-02 -6.62826E-02 -5.04665E-02 -4.74485E-04  3.33293E-01  4.09767E-01  4.21320E-01  6.51490E-01  7.52007E-01  1.40818E-02
