TABLE NO.     1: Importance Sampling of Variance-Covariance (SIR): Problem=1 Subproblem=0 Superproblem1=0 Iteration1=0 Superproblem2=0 Iteration2=0
 NAME         THETA1       THETA2       THETA3       THETA4       THETA5       THETA6       THETA7       THETA8       SIGMA(1,1)   OMEGA(1,1)   OMEGA(2,1)   OMEGA(2,2)   OMEGA(3,1)   OMEGA(3,2)   OMEGA(3,3)
 THETA1        5.57446E+02 -2.41674E+02 -3.68917E+02  1.12283E+02  3.19152E+02  3.90200E+01  3.81644E+01  3.03663E+01 -3.81360E+02 -1.19549E+02  2.31837E+02 -1.80039E+02 -4.65491E+02  3.36827E+02  2.45844E+02
 THETA2       -2.41674E+02  3.11059E+03 -1.59520E+03  4.59870E+02  6.57706E+02  4.88875E+01  1.27615E+02  1.26388E+02 -2.21530E+03 -4.51668E+01  2.65331E+01 -3.76143E+02  3.34643E+02  9.36497E+02 -7.11692E+02
 THETA3       -3.68917E+02 -1.59520E+03  2.54677E+03 -2.76013E+02 -7.81671E+02 -1.33826E+02 -2.52857E+02 -2.23497E+02 -3.93792E+02  1.63839E+02 -4.33586E+02  7.54985E+02  2.41024E+02 -1.37823E+03  7.85848E+02
 THETA4        1.12283E+02  4.59870E+02 -2.76013E+02  2.63532E+03 -1.35240E+02  5.54143E+00  4.65742E+01  9.60099E+00 -3.20312E+03 -1.36190E+01  3.72735E+02 -1.95182E+02 -1.79836E+02  7.59861E+01 -4.27641E+02
 THETA5        3.19152E+02  6.57706E+02 -7.81671E+02 -1.35240E+02  1.19579E+03  8.32215E+01  7.95871E+01  7.35145E+01 -4.94289E+02 -7.77034E+01 -1.41348E+02 -7.59674E+02 -1.64300E+02  8.40110E+02  1.48458E+02
 THETA6        3.90200E+01  4.88875E+01 -1.33826E+02  5.54143E+00  8.32215E+01  5.34950E+02 -4.86172E+00 -2.03772E+01  5.37545E+02  3.01897E+01 -9.28232E+01 -7.42982E+01  1.50131E+02  1.56049E+02 -1.67878E+02
 THETA7        3.81644E+01  1.27615E+02 -2.52857E+02  4.65742E+01  7.95871E+01 -4.86172E+00  2.26586E+02  3.95841E+01  2.21636E+02 -2.88671E+01  7.78690E+01 -1.17422E+02  1.01310E+02 -5.70926E+01 -2.98707E+01
 THETA8        3.03663E+01  1.26388E+02 -2.23497E+02  9.60099E+00  7.35145E+01 -2.03772E+01  3.95841E+01  1.79732E+02  1.63631E+02 -5.44574E+01 -5.20149E+01 -1.35050E+02  1.20643E+02  3.78867E+02 -1.88633E+02
 SIGMA(1,1)   -3.81360E+02 -2.21530E+03 -3.93792E+02 -3.20312E+03 -4.94289E+02  5.37545E+02  2.21636E+02  1.63631E+02  8.58796E+05  2.09174E+03  3.89519E+03  6.22582E+03 -7.40971E+03 -7.92290E+03  5.46364E+03
 OMEGA(1,1)   -1.19549E+02 -4.51668E+01  1.63839E+02 -1.36190E+01 -7.77034E+01  3.01897E+01 -2.88671E+01 -5.44574E+01  2.09174E+03  8.95297E+02 -8.10701E+02 -1.76640E+02 -1.25542E+03  1.29288E+03  3.58480E+01
 OMEGA(2,1)    2.31837E+02  2.65331E+01 -4.33586E+02  3.72735E+02 -1.41348E+02 -9.28232E+01  7.78690E+01 -5.20149E+01  3.89519E+03 -8.10701E+02  8.74664E+03 -3.33059E+03 -2.93022E+03 -6.42535E+03  3.63034E+03
 OMEGA(2,2)   -1.80039E+02 -3.76143E+02  7.54985E+02 -1.95182E+02 -7.59674E+02 -7.42982E+01 -1.17422E+02 -1.35050E+02  6.22582E+03 -1.76640E+02 -3.33059E+03  2.62974E+04  1.59930E+03 -2.65370E+04  6.22078E+03
 OMEGA(3,1)   -4.65491E+02  3.34643E+02  2.41024E+02 -1.79836E+02 -1.64300E+02  1.50131E+02  1.01310E+02  1.20643E+02 -7.40971E+03 -1.25542E+03 -2.93022E+03  1.59930E+03  8.09794E+03 -1.03355E+03 -5.05093E+03
 OMEGA(3,2)    3.36827E+02  9.36497E+02 -1.37823E+03  7.59861E+01  8.40110E+02  1.56049E+02 -5.70926E+01  3.78867E+02 -7.92290E+03  1.29288E+03 -6.42535E+03 -2.65370E+04 -1.03355E+03  6.21901E+04 -2.24303E+04
 OMEGA(3,3)    2.45844E+02 -7.11692E+02  7.85848E+02 -4.27641E+02  1.48458E+02 -1.67878E+02 -2.98707E+01 -1.88633E+02  5.46364E+03  3.58480E+01  3.63034E+03  6.22078E+03 -5.05093E+03 -2.24303E+04  1.87368E+04
