TABLE NO.     1: Importance Sampling of Variance-Covariance (SIR): Problem=1 Subproblem=0 Superproblem1=0 Iteration1=0 Superproblem2=0 Iteration2=0
 NAME         THETA1       THETA2       THETA3       THETA4       THETA5       THETA6       THETA7       THETA8       SIGMA(1,1)   OMEGA(1,1)   OMEGA(2,1)   OMEGA(2,2)   OMEGA(3,1)   OMEGA(3,2)   OMEGA(3,3)
 THETA1        3.54922E-03  8.26491E-04  6.51273E-04 -2.56995E-04 -9.07565E-04 -1.38203E-04 -6.55400E-05  1.09363E-04  2.88057E-06  7.96478E-04  5.78517E-05 -4.68727E-05  2.79747E-04 -3.10172E-05 -1.13764E-06
 THETA2        8.26491E-04  7.15339E-04  4.72354E-04 -1.33191E-04 -3.45741E-04  5.18276E-05  1.19294E-04  8.60114E-05  1.69523E-06 -3.26531E-05 -4.26360E-05 -3.47377E-05 -4.67627E-05 -3.16452E-05 -3.33913E-05
 THETA3        6.51273E-04  4.72354E-04  9.56576E-04 -3.46677E-05  1.03757E-04  1.72728E-04  5.66268E-04  5.97641E-04  1.28505E-06 -9.71426E-05  1.81185E-06 -9.91538E-06 -8.94604E-05 -2.46676E-05 -7.47642E-05
 THETA4       -2.56995E-04 -1.33191E-04 -3.46677E-05  4.28519E-04  1.71061E-04 -1.13152E-05 -6.81434E-05  1.59979E-06  1.31994E-06  3.85703E-06  7.42156E-06  1.61658E-05  2.98113E-05  1.96866E-05  3.24041E-05
 THETA5       -9.07565E-04 -3.45741E-04  1.03757E-04  1.71061E-04  1.42579E-03 -9.88940E-05 -6.55109E-05 -4.61177E-05 -3.95049E-07  1.01355E-04  1.27948E-04  7.95915E-05  3.45986E-05  3.28759E-05 -1.70346E-05
 THETA6       -1.38203E-04  5.18276E-05  1.72728E-04 -1.13152E-05 -9.88940E-05  1.99958E-03  2.28224E-04  4.10272E-04 -1.53076E-06 -3.26693E-04 -5.46903E-05 -1.10991E-05 -1.54224E-04 -1.92679E-05 -2.98147E-05
 THETA7       -6.55400E-05  1.19294E-04  5.66268E-04 -6.81434E-05 -6.55109E-05  2.28224E-04  5.20485E-03 -4.94448E-04 -1.49303E-06 -3.80803E-04 -9.86555E-05  1.38115E-05 -2.31895E-04 -5.42006E-06 -6.73381E-05
 THETA8        1.09363E-04  8.60114E-05  5.97641E-04  1.59979E-06 -4.61177E-05  4.10272E-04 -4.94448E-04  6.62049E-03 -2.61595E-06  2.50486E-04  3.00835E-05 -2.21015E-05 -1.08599E-04 -6.43615E-05 -5.78237E-05
 SIGMA(1,1)    2.88057E-06  1.69523E-06  1.28505E-06  1.31994E-06 -3.95049E-07 -1.53076E-06 -1.49303E-06 -2.61595E-06  1.19696E-06 -2.87847E-06 -1.09223E-06 -6.56815E-07  5.22434E-07 -1.65258E-07 -7.31002E-09
 OMEGA(1,1)    7.96478E-04 -3.26531E-05 -9.71426E-05  3.85703E-06  1.01355E-04 -3.26693E-04 -3.80803E-04  2.50486E-04 -2.87847E-06  2.79729E-03  6.12599E-04  1.69900E-04  8.55256E-04  1.72608E-04  2.48229E-04
 OMEGA(2,1)    5.78517E-05 -4.26360E-05  1.81185E-06  7.42156E-06  1.27948E-04 -5.46903E-05 -9.86555E-05  3.00835E-05 -1.09223E-06  6.12599E-04  3.75518E-04  1.41811E-04  2.97801E-04  1.30209E-04  1.11818E-04
 OMEGA(2,2)   -4.68727E-05 -3.47377E-05 -9.91538E-06  1.61658E-05  7.95915E-05 -1.10991E-05  1.38115E-05 -2.21015E-05 -6.56815E-07  1.69900E-04  1.41811E-04  1.29540E-04  1.06711E-04  9.20775E-05  6.75261E-05
 OMEGA(3,1)    2.79747E-04 -4.67627E-05 -8.94604E-05  2.98113E-05  3.45986E-05 -1.54224E-04 -2.31895E-04 -1.08599E-04  5.22434E-07  8.55256E-04  2.97801E-04  1.06711E-04  5.21205E-04  1.40331E-04  2.09445E-04
 OMEGA(3,2)   -3.10172E-05 -3.16452E-05 -2.46676E-05  1.96866E-05  3.28759E-05 -1.92679E-05 -5.42006E-06 -6.43615E-05 -1.65258E-07  1.72608E-04  1.30209E-04  9.20775E-05  1.40331E-04  1.07146E-04  1.09614E-04
 OMEGA(3,3)   -1.13764E-06 -3.33913E-05 -7.47642E-05  3.24041E-05 -1.70346E-05 -2.98147E-05 -6.73381E-05 -5.78237E-05 -7.31002E-09  2.48229E-04  1.11818E-04  6.75261E-05  2.09445E-04  1.09614E-04  1.98296E-04
