TABLE NO.     1: Importance Sampling of Variance-Covariance (SIR): Problem=1 Subproblem=0 Superproblem1=0 Iteration1=0 Superproblem2=0 Iteration2=0
 NAME         THETA1       THETA2       THETA3       THETA4       THETA5       THETA6       THETA7       THETA8       SIGMA(1,1)   OMEGA(1,1)   OMEGA(2,1)   OMEGA(2,2)   OMEGA(3,1)   OMEGA(3,2)   OMEGA(3,3)
 THETA1        6.96220E+02 -1.91743E+02 -6.53219E+02  2.13514E+02  4.82139E+02 -3.46061E+00  6.04444E+01  7.79160E+01  2.90819E+02 -3.20298E+00  1.54881E+02  3.00116E+01 -6.82964E+02 -5.32109E+02  1.06777E+03
 THETA2       -1.91743E+02  3.30252E+03 -1.76129E+03  2.94479E+02  5.95838E+02  2.00631E+02  1.19339E+02  1.00331E+02  3.14679E+03 -2.64504E+02 -5.37478E+01 -2.09909E+02  3.78547E+02  1.24901E+03 -1.12720E+03
 THETA3       -6.53219E+02 -1.76129E+03  3.38863E+03 -1.99568E+02 -9.29950E+02 -1.68161E+02 -2.99318E+02 -2.52123E+02 -7.57867E+03  2.69808E+02 -8.34010E+01  6.05330E+02  3.75782E+02 -6.76788E+02  3.74083E+02
 THETA4        2.13514E+02  2.94479E+02 -1.99568E+02  2.72903E+03 -1.84770E+02 -1.07061E+01  4.04801E+01 -3.78336E+01  1.59247E+03 -8.87152E+01  4.48924E+02  5.20887E+01 -6.76818E+02 -1.65537E+02 -2.32061E+01
 THETA5        4.82139E+02  5.95838E+02 -9.29950E+02 -1.84770E+02  1.38733E+03  1.19227E+02  8.88233E+01  6.50735E+01  2.70750E+03 -2.43250E+01 -6.44628E+02  2.02781E+02 -1.76718E+02 -3.46743E+02  7.09287E+02
 THETA6       -3.46061E+00  2.00631E+02 -1.68161E+02 -1.07061E+01  1.19227E+02  5.74073E+02 -1.30445E+01 -3.27967E+01 -2.51670E+02  1.31188E+01 -4.87341E+02  3.19178E+02  3.23114E+02 -1.77440E+02 -1.76725E+02
 THETA7        6.04444E+01  1.19339E+02 -2.99318E+02  4.04801E+01  8.88233E+01 -1.30445E+01  2.46832E+02  5.65500E+01 -3.02287E+02 -7.36510E+00 -2.14180E+01  2.36915E+02  7.23584E+01 -5.76466E+02  2.78661E+02
 THETA8        7.79160E+01  1.00331E+02 -2.52123E+02 -3.78336E+01  6.50735E+01 -3.27967E+01  5.65500E+01  1.94340E+02  1.20962E+03 -3.67846E+01 -2.42255E+02  2.36135E+02  7.97503E+01  1.87808E+02 -6.34690E+01
 SIGMA(1,1)    2.90819E+02  3.14679E+03 -7.57867E+03  1.59247E+03  2.70750E+03 -2.51670E+02 -3.02287E+02  1.20962E+03  9.26393E+05  4.49527E+03  2.27779E+03 -1.95015E+04 -1.45683E+04  1.73180E+04  7.14556E+03
 OMEGA(1,1)   -3.20298E+00 -2.64504E+02  2.69808E+02 -8.87152E+01 -2.43250E+01  1.31188E+01 -7.36510E+00 -3.67846E+01  4.49527E+03  1.09642E+03 -1.20261E+03 -1.95464E+02 -1.58185E+03  1.38952E+03  8.20278E+02
 OMEGA(2,1)    1.54881E+02 -5.37478E+01 -8.34010E+01  4.48924E+02 -6.44628E+02 -4.87341E+02 -2.14180E+01 -2.42255E+02  2.27779E+03 -1.20261E+03  1.14221E+04 -5.27960E+03 -3.93241E+03 -3.56578E+03  1.89359E+03
 OMEGA(2,2)    3.00116E+01 -2.09909E+02  6.05330E+02  5.20887E+01  2.02781E+02  3.19178E+02  2.36915E+02  2.36135E+02 -1.95015E+04 -1.95464E+02 -5.27960E+03  2.83160E+04  3.07625E+03 -2.63871E+04  5.69337E+03
 OMEGA(3,1)   -6.82964E+02  3.78547E+02  3.75782E+02 -6.76818E+02 -1.76718E+02  3.23114E+02  7.23584E+01  7.97503E+01 -1.45683E+04 -1.58185E+03 -3.93241E+03  3.07625E+03  9.70267E+03 -2.65843E+03 -6.31540E+03
 OMEGA(3,2)   -5.32109E+02  1.24901E+03 -6.76788E+02 -1.65537E+02 -3.46743E+02 -1.77440E+02 -5.76466E+02  1.87808E+02  1.73180E+04  1.38952E+03 -3.56578E+03 -2.63871E+04 -2.65843E+03  5.51791E+04 -1.84097E+04
 OMEGA(3,3)    1.06777E+03 -1.12720E+03  3.74083E+02 -2.32061E+01  7.09287E+02 -1.76725E+02  2.78661E+02 -6.34690E+01  7.14556E+03  8.20278E+02  1.89359E+03  5.69337E+03 -6.31540E+03 -1.84097E+04  1.79844E+04
