TABLE NO.     1: Importance Sampling of Variance-Covariance (SIR): Problem=1 Subproblem=0 Superproblem1=0 Iteration1=0 Superproblem2=0 Iteration2=0
 NAME         THETA1       THETA2       THETA3       THETA4       THETA5       THETA6       THETA7       THETA8       SIGMA(1,1)   OMEGA(1,1)   OMEGA(2,1)   OMEGA(2,2)   OMEGA(3,1)   OMEGA(3,2)   OMEGA(3,3)
 THETA1        3.70708E-03  8.72066E-04  8.89206E-04 -4.39632E-04 -1.14214E-03  1.13350E-05  5.57008E-04 -8.29525E-04  1.04684E-05 -2.23973E-04 -2.07966E-04 -7.94815E-05 -1.46145E-04 -1.19647E-04 -2.71586E-04
 THETA2        8.72066E-04  6.57037E-04  4.39285E-04 -1.53946E-04 -3.48085E-04 -6.91076E-05  1.93395E-04 -1.26888E-04  2.42474E-06 -1.19940E-04 -1.05248E-04 -5.20283E-05 -1.08645E-04 -6.32199E-05 -8.11339E-05
 THETA3        8.89206E-04  4.39285E-04  8.33820E-04 -1.21143E-04 -6.18810E-05  1.14518E-04  6.75059E-04  2.44115E-04  5.35856E-06 -3.93961E-04 -1.49640E-04 -7.55608E-05 -2.33919E-04 -9.00594E-05 -1.67610E-04
 THETA4       -4.39632E-04 -1.53946E-04 -1.21143E-04  4.70231E-04  2.45268E-04 -2.79347E-07 -2.36152E-04  2.51498E-04 -2.28694E-06  2.82212E-04  1.08453E-04  3.15876E-05  1.69281E-04  5.28261E-05  9.45886E-05
 THETA5       -1.14214E-03 -3.48085E-04 -6.18810E-05  2.45268E-04  1.37240E-03 -7.66240E-05 -2.54015E-04  3.88025E-04 -4.21591E-06  3.52093E-04  2.15660E-04  6.00452E-05  1.58451E-04  6.55672E-05  6.46837E-05
 THETA6        1.13350E-05 -6.91076E-05  1.14518E-04 -2.79347E-07 -7.66240E-05  1.94973E-03  2.17271E-04  5.52877E-04  3.58481E-07 -4.95026E-05  8.05961E-05  4.50212E-06 -3.38213E-05  2.12914E-05  1.55014E-05
 THETA7        5.57008E-04  1.93395E-04  6.75059E-04 -2.36152E-04 -2.54015E-04  2.17271E-04  5.35523E-03 -1.25357E-03  8.98555E-06 -8.85620E-04 -2.72117E-04 -5.85690E-05 -4.58254E-04 -6.50707E-05 -2.54058E-04
 THETA8       -8.29525E-04 -1.26888E-04  2.44115E-04  2.51498E-04  3.88025E-04  5.52877E-04 -1.25357E-03  6.86550E-03 -1.11990E-05  6.40406E-04  2.21184E-04 -1.04240E-04  9.71848E-05 -7.18057E-05  1.59016E-05
 SIGMA(1,1)    1.04684E-05  2.42474E-06  5.35856E-06 -2.28694E-06 -4.21591E-06  3.58481E-07  8.98555E-06 -1.11990E-05  1.19881E-06 -7.84370E-06 -1.54774E-06  4.84824E-07 -1.12917E-06 -3.89121E-07 -1.49685E-06
 OMEGA(1,1)   -2.23973E-04 -1.19940E-04 -3.93961E-04  2.82212E-04  3.52093E-04 -4.95026E-05 -8.85620E-04  6.40406E-04 -7.84370E-06  2.89850E-03  7.77237E-04  1.92112E-04  1.01559E-03  2.14638E-04  3.20558E-04
 OMEGA(2,1)   -2.07966E-04 -1.05248E-04 -1.49640E-04  1.08453E-04  2.15660E-04  8.05961E-05 -2.72117E-04  2.21184E-04 -1.54774E-06  7.77237E-04  4.15078E-04  1.45442E-04  4.17216E-04  1.57467E-04  1.89406E-04
 OMEGA(2,2)   -7.94815E-05 -5.20283E-05 -7.55608E-05  3.15876E-05  6.00452E-05  4.50212E-06 -5.85690E-05 -1.04240E-04  4.84824E-07  1.92112E-04  1.45442E-04  1.28207E-04  1.41821E-04  1.02771E-04  9.14338E-05
 OMEGA(3,1)   -1.46145E-04 -1.08645E-04 -2.33919E-04  1.69281E-04  1.58451E-04 -3.38213E-05 -4.58254E-04  9.71848E-05 -1.12917E-06  1.01559E-03  4.17216E-04  1.41821E-04  6.74155E-04  2.02208E-04  3.16842E-04
 OMEGA(3,2)   -1.19647E-04 -6.32199E-05 -9.00594E-05  5.28261E-05  6.55672E-05  2.12914E-05 -6.50707E-05 -7.18057E-05 -3.89121E-07  2.14638E-04  1.57467E-04  1.02771E-04  2.02208E-04  1.31401E-04  1.50228E-04
 OMEGA(3,3)   -2.71586E-04 -8.11339E-05 -1.67610E-04  9.45886E-05  6.46837E-05  1.55014E-05 -2.54058E-04  1.59016E-05 -1.49685E-06  3.20558E-04  1.89406E-04  9.14338E-05  3.16842E-04  1.50228E-04  2.73975E-04
